Element	autophagosome assembly	autophagosome maturation	autophagosome-lysosome fusion	cheparon mediated autophagy	er stress	fabry disease	farber disease	gaucher disease	gaucher disease type-1	gaucher disease type-2	gaucher disease type-3	gm1 gangliosidosis	krabbe disease	macroautophagy	mitochondrial dysfunction	negative regulation of autophagy	niemann-pick disease type a/b	phagophore	phagophore assembly site	positive regulation of cell growth	positive regulation of glycolytic process	sialidosis disease	tay-sachs disease	ubiquitin-dependent proteasomal degradation	unfolded protein response
m22	0	0	0	1	0	0	1	1	0	0	0	1	1	0	0	0	1	0	0	0	0	1	1	0	0
m20	0	0	0	3	0	0	3	3	0	0	0	3	3	0	0	0	3	0	0	0	0	3	2	0	0
m23	0	0	0	3	0	0	3	3	0	0	0	1	3	0	0	0	3	0	0	0	0	1	1	0	0
m19	0	0	0	3	0	0	3	3	0	0	0	3	3	0	0	0	3	0	0	0	0	2	0	0	0
m14	0	0	0	1	0	0	1	1	0	0	0	1	1	0	0	0	1	0	0	0	0	1	0	0	0
m15	0	0	0	1	0	1	1	1	0	0	0	1	1	0	0	0	1	0	0	0	0	0	0	0	0
m16	0	0	0	3	0	2	3	3	0	0	0	3	3	0	0	0	3	0	0	0	0	0	0	0	0
m30	0	0	0	1	0	1	1	1	0	0	0	1	1	0	0	0	1	0	0	0	0	0	0	0	0
m12	0	0	0	5	0	0	5	5	0	0	0	4	5	0	0	0	5	0	0	0	0	0	0	0	0
m24	0	0	0	1	0	0	1	1	0	0	0	1	1	0	0	0	1	0	0	0	0	0	0	0	0
m33	0	0	0	7	0	0	6	7	0	0	0	0	6	0	0	0	6	0	0	0	0	0	0	0	0
m28	0	0	0	5	0	0	20	20	0	0	0	0	20	0	0	0	20	0	0	0	0	0	0	0	0
m25	0	0	0	5	14	0	14	14	0	0	0	0	14	14	13	0	14	0	0	0	0	0	0	0	13
m4	0	0	0	0	0	0	4	4	0	0	0	0	4	0	0	0	4	0	0	0	0	0	0	0	0
m8	0	0	0	0	0	0	2	2	0	0	0	0	2	0	0	0	2	0	0	0	0	0	0	0	0
m18	0	0	0	0	0	0	5	5	0	0	0	0	5	0	0	0	5	0	0	0	0	0	0	0	0
m7	0	0	0	0	0	0	1	1	0	0	0	0	1	0	0	0	1	0	0	0	0	0	0	0	0
m32	0	0	0	0	0	0	2	2	0	0	0	0	2	0	0	0	2	0	0	0	0	0	0	0	0
m10	0	0	0	2	0	0	2	2	0	0	0	2	2	0	0	0	2	0	0	0	0	0	0	0	0
m34	0	0	0	0	0	0	1	0	0	0	0	0	1	0	0	0	1	0	0	0	0	0	0	0	0
m77	0	0	0	0	0	0	3	1	0	0	0	0	3	0	0	0	3	0	0	0	0	0	0	0	0
m57	0	0	0	0	0	0	1	0	0	0	0	0	1	0	0	0	1	0	0	0	0	0	0	0	0
m51	0	0	0	0	0	0	3	3	0	0	0	0	3	0	0	0	3	0	0	0	0	0	0	0	0
m42	0	0	0	0	0	0	1	1	0	0	0	0	1	0	0	0	1	0	0	0	0	0	0	0	0
m50	0	0	0	0	0	0	1	1	0	0	0	0	1	0	0	0	1	0	0	0	0	0	0	0	0
m47	0	0	0	0	0	0	2	2	0	0	0	0	2	0	0	0	2	0	0	0	0	0	0	0	0
m60	0	0	0	0	0	0	1	1	0	0	0	0	1	0	0	0	1	0	0	0	0	0	0	0	0
m65	0	0	0	0	0	0	2	2	0	0	0	0	2	0	0	0	2	0	0	0	0	0	0	0	0
m67	0	0	0	0	0	0	1	1	0	0	0	0	1	0	0	0	1	0	0	0	0	0	0	0	0
m68	0	0	0	0	0	0	1	1	0	0	0	0	1	0	0	0	1	0	0	0	0	0	0	0	0
m66	0	0	0	0	0	0	2	2	0	0	0	0	2	0	0	0	2	0	0	0	0	0	0	0	0
m74	0	0	0	0	0	0	1	1	0	0	0	0	1	0	0	0	1	0	0	0	0	0	0	0	0
m78	0	0	0	0	0	0	1	1	0	0	0	0	1	0	0	0	1	0	0	0	0	0	0	0	0
m85	0	0	0	0	0	0	3	3	0	0	0	0	3	0	0	0	3	0	0	0	0	0	0	0	0
m86	0	0	0	0	0	0	1	1	0	0	0	0	1	0	0	0	1	0	0	0	0	0	0	0	0
m54	0	0	0	0	0	0	2	2	0	0	0	0	2	0	0	0	2	0	0	0	0	0	0	0	0
m87	0	0	0	0	0	0	1	1	0	0	0	0	1	0	0	0	1	0	0	0	0	0	0	0	0
m73	0	0	0	4	0	0	4	4	0	0	0	0	4	0	0	0	4	0	0	0	0	0	0	0	0
m61	0	0	0	1	0	0	1	1	0	0	0	0	1	0	0	0	1	0	0	0	0	0	0	0	0
m55	0	0	0	0	0	0	1	1	0	0	0	0	1	0	0	0	1	0	0	0	0	0	0	0	0
m59	0	0	0	1	0	0	1	1	0	0	0	0	1	0	0	0	1	0	0	0	0	0	0	0	0
m52	0	0	0	1	0	0	1	1	0	0	0	0	1	0	0	0	1	0	0	0	0	0	0	0	0
m122	0	0	0	1	1	0	1	0	0	0	0	0	1	1	1	0	1	0	0	0	0	0	0	0	1
m93	0	0	0	3	3	0	3	1	0	0	0	0	3	3	3	0	3	0	0	0	0	0	0	0	3
m88	0	0	0	5	4	0	4	4	0	0	0	0	4	5	4	0	4	0	0	0	0	0	0	0	4
m110	0	0	0	1	1	0	1	0	0	0	0	0	1	1	1	0	1	0	0	0	0	0	0	0	1
m137	0	0	0	0	1	0	1	1	0	0	0	0	1	1	1	0	1	0	0	0	0	0	0	0	1
m136	0	0	0	0	1	0	1	1	0	0	0	0	1	1	1	0	1	0	0	0	0	0	0	0	1
m139	0	0	6	0	1	0	7	7	0	0	0	0	7	5	6	0	7	0	0	0	0	0	0	3	1
m135	0	0	9	0	2	0	12	12	0	0	0	0	12	9	11	0	12	0	0	0	0	0	0	5	2
m148	0	0	0	0	1	0	1	1	0	0	0	0	1	1	1	0	1	0	0	0	0	0	0	0	1
m169	0	0	0	0	1	0	1	1	0	0	0	0	1	1	1	0	1	0	0	0	0	0	0	0	1
m151	0	0	0	0	2	0	2	2	0	0	0	0	2	2	1	0	2	0	0	0	0	0	0	0	2
m177	0	0	0	0	1	0	1	1	0	0	0	0	1	1	1	0	1	0	0	0	0	0	0	0	1
m156	0	0	2	0	2	0	3	3	0	0	0	0	3	2	2	0	3	0	0	0	0	0	0	0	2
m168	0	0	0	0	1	0	1	1	0	0	0	0	1	1	1	0	1	0	0	0	0	0	0	0	1
m214	0	0	0	1	1	0	1	1	0	0	0	0	1	1	1	0	1	0	0	0	0	0	0	0	1
m227	0	0	0	1	1	0	1	1	0	0	0	0	1	1	1	0	1	0	0	0	0	0	0	0	1
m81	0	0	0	2	0	0	1	1	0	0	0	0	1	0	0	0	1	0	0	0	0	0	0	0	0
m362	0	0	1	0	0	0	1	1	0	0	0	0	1	1	1	0	1	0	0	0	0	0	0	0	0
m366	0	0	102	21	0	0	126	112	0	0	0	0	126	114	113	0	126	0	0	0	0	0	0	0	0
m367	0	0	77	0	0	0	93	83	0	0	0	0	93	0	0	57	93	0	0	57	57	0	0	0	0
m368	0	0	7	0	0	0	8	7	0	0	0	0	8	0	6	0	8	0	0	0	0	0	0	2	0
m370	0	0	21	0	0	0	27	25	0	0	0	0	27	17	25	0	27	0	0	0	0	0	0	0	0
m373	0	0	0	0	0	0	23	20	0	0	0	0	23	21	15	12	23	0	0	12	12	0	0	0	0
m375	0	0	1	0	0	0	1	1	0	0	0	0	1	0	0	0	1	0	0	0	0	0	0	0	0
m377	0	0	10	0	0	0	11	10	0	0	0	0	11	0	0	0	11	0	0	0	0	0	0	0	0
m400	0	0	2	0	0	0	2	2	0	0	0	0	2	1	0	1	2	0	0	1	1	0	0	0	2
m402	0	0	3	0	0	0	3	3	0	0	0	0	3	0	2	2	3	0	0	2	2	0	0	0	2
m411	0	0	13	0	0	0	19	12	0	0	0	0	19	17	15	0	19	0	0	0	0	0	0	0	0
m415	0	0	0	9	11	0	34	0	0	0	0	0	34	24	30	0	34	0	0	0	0	0	0	12	13
m417	0	0	17	27	27	0	30	15	0	0	0	0	30	28	26	0	30	0	0	0	0	0	0	0	27
m422	0	0	4	0	0	0	4	4	0	0	0	0	4	0	4	3	4	0	0	3	3	0	0	0	0
m426	0	0	32	0	0	0	50	43	0	0	0	0	50	0	43	17	50	0	0	17	17	0	0	0	0
m428	0	0	29	0	0	0	40	34	0	0	0	0	40	0	28	15	40	0	0	15	15	0	0	0	0
m430	0	0	0	0	0	0	48	44	0	0	0	0	48	34	44	0	48	0	0	0	0	0	0	0	0
m450	0	0	39	0	0	0	51	49	0	0	0	0	51	0	41	0	51	0	0	0	0	0	0	0	0
m452	0	0	52	0	0	0	68	64	0	0	0	0	68	0	56	0	68	0	0	0	0	0	0	30	0
m453	0	0	1	0	0	0	1	1	0	0	0	0	1	0	0	0	1	0	0	0	0	0	0	0	0
m454	0	0	8	0	0	0	15	13	0	0	0	0	15	0	13	0	15	0	0	0	0	0	0	4	0
m461	0	0	5	0	0	0	8	7	0	0	0	0	8	8	0	6	8	0	0	6	6	0	0	0	0
m466	0	0	2	0	0	0	3	3	0	0	0	0	3	2	2	0	3	0	0	0	0	0	0	0	0
m174	0	0	0	0	0	0	37	25	0	0	0	0	37	0	31	0	37	0	0	0	0	0	0	0	0
m471	0	0	4	0	0	0	6	6	0	0	0	0	6	5	4	2	6	0	0	2	2	0	0	0	3
m480	0	0	5	0	4	0	9	0	0	0	0	0	9	4	0	0	9	0	0	0	0	0	0	0	4
m490	0	0	52	25	0	0	100	84	0	0	0	0	100	94	86	0	100	0	0	0	0	0	0	39	0
m492	0	0	0	0	0	0	9	8	0	0	0	0	9	5	0	0	9	0	0	0	0	0	0	0	0
m498	0	0	6	0	0	0	6	6	0	0	0	0	6	0	0	0	6	0	0	0	0	0	0	0	0
m504	0	0	4	0	0	0	5	4	0	0	0	0	5	3	0	0	5	0	0	0	0	0	0	0	0
m519	0	0	3	0	0	0	5	5	0	0	0	0	5	0	0	1	5	0	0	1	1	0	0	0	0
m522	0	0	56	0	49	0	65	27	0	0	0	0	65	57	56	49	65	0	0	49	49	0	0	0	49
m523	0	0	8	0	0	0	9	7	0	0	0	0	9	0	5	6	9	0	0	6	6	0	0	0	0
m524	0	0	5	0	0	0	6	2	0	0	0	0	6	0	0	0	6	0	0	0	0	0	0	0	0
m382	0	0	0	0	4	0	6	0	0	0	0	0	6	3	5	0	6	0	0	0	0	0	0	0	4
m383	0	0	32	0	0	0	43	39	0	0	0	0	43	0	0	0	43	0	0	0	0	0	0	0	0
m531	0	0	31	0	0	0	41	37	0	0	0	0	41	0	31	0	41	0	0	0	0	0	0	0	0
m170	0	0	29	0	0	0	39	24	0	0	0	0	39	0	10	0	39	0	0	0	0	0	0	0	0
m533	0	0	35	9	16	0	54	44	0	0	0	0	54	40	41	18	54	0	0	18	18	0	0	0	23
m535	0	0	5	0	0	0	5	5	0	0	0	0	5	5	0	0	5	0	0	0	0	0	0	0	0
m539	0	0	3	0	0	0	4	3	0	0	0	0	4	2	0	0	4	0	0	0	0	0	0	0	0
m561	0	0	7	0	0	0	6	6	0	0	0	0	6	0	0	0	6	0	0	0	0	0	0	0	0
m571	0	0	13	0	0	0	19	17	0	0	0	0	19	0	0	0	19	0	0	0	0	0	0	0	0
m578	0	0	12	0	0	0	19	18	0	0	0	0	19	14	14	0	19	0	0	0	0	0	0	7	0
m581	0	0	0	0	0	0	8	8	0	0	0	0	8	0	7	0	8	0	0	0	0	0	0	0	0
m583	0	0	8	0	0	0	13	12	0	0	0	0	13	0	0	0	13	0	0	0	0	0	0	0	0
m588	0	0	1	0	0	0	2	2	0	0	0	0	2	0	2	0	2	0	0	0	0	0	0	0	0
m611	0	0	12	0	0	0	15	14	0	0	0	0	15	0	8	0	15	0	0	0	0	0	0	0	0
m618	0	0	9	0	0	0	9	9	0	0	0	0	9	0	0	0	9	0	0	0	0	0	0	0	0
m621	0	0	0	0	0	0	11	11	0	0	0	0	11	8	0	0	11	0	0	0	0	0	0	0	0
m632	0	0	10	0	0	0	12	10	0	0	0	0	12	0	0	0	12	0	0	0	0	0	0	0	0
m640	0	0	7	0	0	0	7	7	0	0	0	0	7	0	0	0	7	0	0	0	0	0	0	0	0
m641	0	0	0	0	1	0	2	0	0	0	0	0	2	0	2	0	2	0	0	0	0	0	0	0	2
m643	0	0	0	0	11	0	30	0	0	0	0	0	30	15	24	0	30	0	0	0	0	0	0	0	11
m644	0	0	0	0	0	0	25	24	0	0	0	0	25	13	15	0	25	0	0	0	0	0	0	0	0
m646	0	0	2	0	3	0	4	0	0	0	0	0	4	0	4	2	4	0	0	2	2	0	0	0	3
m650	0	0	6	0	3	0	6	0	0	0	0	0	6	2	6	4	6	0	0	4	4	0	0	0	3
m654	0	0	7	0	0	0	9	8	0	0	0	0	9	0	0	0	9	0	0	0	0	0	0	0	0
m657	0	0	8	0	0	0	10	10	0	0	0	0	10	0	0	0	10	0	0	0	0	0	0	0	0
m660	0	0	0	9	0	0	20	20	0	0	0	0	20	16	12	8	20	0	0	8	8	0	0	3	0
m663	0	0	14	0	0	0	29	28	0	0	0	0	29	27	27	18	29	0	0	18	18	0	0	0	0
m671	0	0	49	43	0	0	72	69	0	0	0	0	72	55	58	0	72	0	0	0	0	0	0	27	0
m680	0	0	2	0	0	0	2	2	0	0	0	0	2	0	0	0	2	0	0	0	0	0	0	0	0
m682	0	0	2	0	0	0	2	2	0	0	0	0	2	0	2	0	2	0	0	0	0	0	0	0	0
m688	0	0	8	0	0	0	8	8	0	0	0	0	8	0	7	0	8	0	0	0	0	0	0	0	0
m689	0	0	5	0	0	0	5	5	0	0	0	0	5	2	3	0	5	0	0	0	0	0	0	0	0
m690	0	0	21	0	0	0	31	29	0	0	0	0	31	24	26	0	31	0	0	0	0	0	0	0	0
m696	0	0	4	0	0	0	7	6	0	0	0	0	7	0	7	0	7	0	0	0	0	0	0	0	0
m697	0	0	7	0	0	0	10	10	0	0	0	0	10	7	7	0	10	0	0	0	0	0	0	0	0
m700	0	0	63	0	0	0	86	76	0	0	0	0	86	0	78	0	86	0	0	0	0	0	0	0	0
m721	0	0	6	0	2	0	7	0	0	0	0	0	7	2	4	4	7	0	0	4	4	0	0	0	2
m722	0	0	9	0	0	0	11	10	0	0	0	0	11	0	8	0	11	0	0	0	0	0	0	8	0
m725	0	0	25	0	0	0	36	32	0	0	0	0	36	0	29	0	36	0	0	0	0	0	0	13	0
m728	0	0	0	0	0	0	24	21	0	0	0	0	24	19	17	0	24	0	0	0	0	0	0	0	0
m729	0	0	4	0	0	0	5	5	0	0	0	0	5	0	0	2	5	0	0	2	2	0	0	0	0
m638	0	0	0	0	0	0	51	45	0	0	0	0	51	38	0	0	51	0	0	0	0	0	0	0	0
m741	0	0	19	0	0	0	25	24	0	0	0	0	25	0	0	14	25	0	0	14	14	0	0	0	0
m742	0	0	3	0	1	0	3	0	0	0	0	0	3	0	1	2	3	0	0	2	2	0	0	0	1
m743	0	0	9	4	5	0	10	0	0	0	0	0	10	6	10	0	10	0	0	0	0	0	0	0	5
m757	0	0	2	0	0	0	2	2	0	0	0	0	2	0	0	0	2	0	0	0	0	0	0	0	0
m758	0	0	6	0	0	0	7	7	0	0	0	0	7	0	0	0	7	0	0	0	0	0	0	0	0
m759	0	0	0	1	0	0	2	2	0	0	0	0	2	1	2	2	2	0	0	2	2	0	0	0	0
m782	0	0	2	0	0	0	2	2	0	0	0	0	2	1	1	1	2	0	0	1	1	0	0	0	0
m787	0	0	13	0	0	0	21	18	0	0	0	0	21	16	18	9	21	0	0	9	9	0	0	0	0
m788	0	0	8	8	7	0	11	0	0	0	0	0	11	10	8	0	11	0	0	0	0	0	0	0	7
m810	0	0	12	0	0	0	16	15	0	0	0	0	16	0	15	0	16	0	0	0	0	0	0	7	0
m811	0	0	7	0	0	0	10	9	0	0	0	0	10	6	9	0	10	0	0	0	0	0	0	0	0
m845	0	0	6	0	0	0	13	11	0	0	0	0	13	10	13	0	13	0	0	0	0	0	0	0	0
m846	0	0	11	0	0	0	12	12	0	0	0	0	12	0	8	0	12	0	0	0	0	0	0	6	0
m868	0	0	14	0	0	0	18	17	0	0	0	0	18	13	11	0	18	0	0	0	0	0	0	0	0
m876	0	0	0	0	0	0	4	3	0	0	0	0	4	4	4	0	4	0	0	0	0	0	0	2	0
m882	0	0	13	7	0	0	29	27	0	0	0	0	29	25	26	0	29	0	0	0	0	0	0	19	0
m884	0	0	3	0	0	0	4	3	0	0	0	0	4	3	3	0	4	0	0	0	0	0	0	0	0
m687	0	0	0	1	1	0	9	0	0	0	0	0	9	10	8	0	9	0	0	0	0	0	0	0	2
m889	0	0	1	0	0	0	1	1	0	0	0	0	1	1	1	0	1	0	0	0	0	0	0	0	0
m893	0	0	16	0	6	0	18	0	0	0	0	0	18	0	13	12	18	0	0	12	12	0	0	0	11
m901	0	0	7	0	0	0	9	8	0	0	0	0	9	0	0	0	9	0	0	0	0	0	0	0	0
m902	0	0	8	0	0	0	11	10	0	0	0	0	11	0	6	0	11	0	0	0	0	0	0	2	0
m903	0	0	6	0	0	0	8	6	0	0	0	0	8	0	6	0	8	0	0	0	0	0	0	4	0
m920	0	0	12	0	4	0	14	0	0	0	0	0	14	4	11	8	14	0	0	8	8	0	0	0	4
m921	0	0	3	0	0	0	6	3	0	0	0	0	6	0	0	0	6	0	0	0	0	0	0	0	0
m930	0	0	8	0	4	0	9	0	0	0	0	0	9	0	8	3	9	0	0	3	3	0	0	0	4
m933	0	0	11	0	0	0	12	11	0	0	0	0	12	0	6	4	12	0	0	4	4	0	0	0	0
m956	0	0	0	0	0	0	3	2	0	0	0	0	3	0	3	2	3	0	0	2	2	0	0	0	0
m962	0	0	0	0	0	0	3	2	0	0	0	0	3	0	3	1	3	0	0	1	1	0	0	0	0
m966	0	0	15	0	0	0	18	17	0	0	0	0	18	10	0	10	18	0	0	10	10	0	0	0	0
m970	0	0	3	0	0	0	5	4	0	0	0	0	5	0	0	0	5	0	0	0	0	0	0	0	0
m972	0	0	3	0	0	0	4	3	0	0	0	0	4	4	4	2	4	0	0	2	2	0	0	0	0
m985	0	0	35	0	0	0	46	40	0	0	0	0	46	0	35	0	46	0	0	0	0	0	0	16	0
m986	0	0	0	0	0	0	40	37	0	0	0	0	40	30	31	0	40	0	0	0	0	0	0	17	0
m997	0	0	5	0	0	0	7	6	0	0	0	0	7	0	0	3	7	0	0	3	3	0	0	0	0
m1011	0	0	59	0	0	0	75	72	0	0	0	0	75	0	62	0	75	0	0	0	0	0	0	34	0
m1012	0	0	0	0	1	0	3	3	0	0	0	0	3	1	3	0	3	0	0	0	0	0	0	3	1
m1013	0	0	16	0	0	0	20	18	0	0	0	0	20	0	0	9	20	0	0	9	9	0	0	0	0
m1014	0	0	12	0	0	0	14	13	0	0	0	0	14	0	11	0	14	0	0	0	0	0	0	6	0
m1016	0	0	12	0	0	0	16	12	0	0	0	0	16	13	13	0	16	0	0	0	0	0	0	0	0
m748	0	0	0	6	0	0	11	11	0	0	0	0	11	8	7	0	11	0	0	0	0	0	0	2	0
m1020	0	0	3	0	1	0	5	0	0	0	0	0	5	2	0	0	5	0	0	0	0	0	0	0	1
m1040	0	0	4	0	0	0	4	4	0	0	0	0	4	0	0	0	4	0	0	0	0	0	0	0	0
m1050	0	0	0	0	0	0	63	58	0	0	0	0	63	44	56	0	63	0	0	0	0	0	0	0	0
m1054	0	0	37	0	0	0	55	49	0	0	0	0	55	35	43	0	55	0	0	0	0	0	0	26	0
m1055	0	0	0	0	9	0	24	20	0	0	0	0	24	20	19	0	24	0	0	0	0	0	0	7	9
m1060	0	0	7	0	0	0	10	7	0	0	0	0	10	0	0	0	10	0	0	0	0	0	0	0	0
m1063	0	0	0	0	0	0	25	23	0	0	0	0	25	16	21	0	25	0	0	0	0	0	0	0	0
m1073	0	0	0	0	0	0	1	1	0	0	0	0	1	1	1	0	1	0	0	0	0	0	0	0	0
m703	0	0	22	0	15	0	35	0	0	0	0	0	35	20	0	19	35	0	0	19	19	0	0	0	15
m1087	0	0	3	0	2	0	4	0	0	0	0	0	4	2	0	0	4	0	0	0	0	0	0	0	2
m1111	0	0	1	0	0	0	1	1	0	0	0	0	1	0	0	0	1	0	0	0	0	0	0	0	0
m1112	0	0	6	0	0	0	6	6	0	0	0	0	6	6	6	0	6	0	0	0	0	0	0	0	0
m1117	0	0	13	8	8	0	17	17	0	0	0	0	17	11	0	7	17	0	0	7	7	0	0	0	8
m1120	0	0	0	0	5	0	6	5	0	0	0	0	6	7	5	0	6	0	0	0	0	0	0	4	5
m775	0	0	0	0	0	0	21	17	0	0	0	0	21	14	18	9	21	0	0	9	9	0	0	0	0
m1136	0	0	0	0	0	0	10	10	0	0	0	0	10	0	0	4	10	0	0	4	4	0	0	0	0
m1139	0	0	1	0	0	0	1	1	0	0	0	0	1	0	0	0	1	0	0	0	0	0	0	0	0
m1140	0	0	5	0	0	0	7	7	0	0	0	0	7	0	0	0	7	0	0	0	0	0	0	0	0
m1170	0	0	4	0	2	0	5	0	0	0	0	0	5	4	4	2	5	0	0	2	2	0	0	0	2
m1171	0	0	16	0	0	0	22	21	0	0	0	0	22	0	0	0	22	0	0	0	0	0	0	0	0
m1172	0	0	0	0	0	0	3	3	0	0	0	0	3	3	0	0	3	0	0	0	0	0	0	0	0
m1184	0	0	2	2	0	0	3	3	0	0	0	0	3	2	3	0	3	0	0	0	0	0	0	1	0
m1186	0	0	6	0	0	0	7	7	0	0	0	0	7	5	5	0	7	0	0	0	0	0	0	0	0
m1187	0	0	0	17	15	0	32	30	0	0	0	0	32	28	22	0	32	0	0	0	0	0	0	0	15
m1215	0	0	0	0	2	0	10	0	0	0	0	0	10	0	9	0	10	0	0	0	0	0	0	5	3
m1218	0	0	2	0	0	0	3	3	0	0	0	0	3	0	3	0	3	0	0	0	0	0	0	1	0
m1221	0	0	4	2	2	0	5	3	0	0	0	0	5	5	5	4	5	0	0	4	4	0	0	0	3
m1222	0	0	3	0	3	0	3	0	0	0	0	0	3	3	3	3	3	0	0	3	3	0	0	0	3
m1232	0	0	2	0	1	0	3	0	0	0	0	0	3	1	2	3	3	0	0	3	3	0	0	0	1
m1233	0	0	1	0	1	0	2	0	0	0	0	0	2	2	2	2	2	0	0	2	2	0	0	0	1
m1235	0	0	1	0	1	0	1	0	0	0	0	0	1	0	1	1	1	0	0	1	1	0	0	0	1
m1236	0	0	2	0	2	0	2	0	0	0	0	0	2	1	2	2	2	0	0	2	2	0	0	0	2
m1264	0	0	2	0	0	0	3	3	0	0	0	0	3	0	0	0	3	0	0	0	0	0	0	0	0
m1278	0	0	12	0	0	0	16	15	0	0	0	0	16	13	14	0	16	0	0	0	0	0	0	0	0
m1292	0	0	1	0	0	0	1	1	0	0	0	0	1	0	0	0	1	0	0	0	0	0	0	0	0
m1297	0	0	0	0	0	0	1	1	0	0	0	0	1	1	1	1	1	0	0	1	1	0	0	0	0
m1300	0	0	0	0	0	0	1	1	0	0	0	0	1	1	0	1	1	0	0	1	1	0	0	0	0
m1303	0	0	0	0	0	0	9	8	0	0	0	0	9	5	0	3	9	0	0	3	3	0	0	0	0
m1313	0	0	3	0	0	0	3	3	0	0	0	0	3	0	0	2	3	0	0	2	2	0	0	0	0
m1315	0	0	3	0	0	0	3	3	0	0	0	0	3	0	0	0	3	0	0	0	0	0	0	0	0
m1327	0	0	2	0	0	0	2	2	0	0	0	0	2	2	2	0	2	0	0	0	0	0	0	0	0
m1335	0	0	6	0	0	0	8	8	0	0	0	0	8	0	6	6	8	0	0	6	6	0	0	0	0
m1336	0	0	9	0	4	0	12	0	0	0	0	0	12	9	12	7	12	0	0	7	7	0	0	0	4
m1340	0	0	22	0	0	0	22	19	0	0	0	0	22	0	0	11	22	0	0	11	11	0	0	0	0
m1341	0	0	49	0	0	0	60	56	0	0	0	0	60	0	52	0	60	0	0	0	0	0	0	28	0
m1342	0	0	6	0	0	0	9	7	0	0	0	0	9	0	0	0	9	0	0	0	0	0	0	0	0
m1345	0	0	3	0	0	0	3	3	0	0	0	0	3	0	0	0	3	0	0	0	0	0	0	0	0
m1346	0	0	4	0	0	0	5	4	0	0	0	0	5	5	5	0	5	0	0	0	0	0	0	3	0
m1347	0	0	2	0	0	0	2	2	0	0	0	0	2	0	0	2	2	0	0	2	2	0	0	0	0
m1350	0	0	0	0	0	0	1	1	0	0	0	0	1	1	1	0	1	0	0	0	0	0	0	0	0
m1351	0	0	0	0	0	0	5	4	0	0	0	0	5	4	3	0	5	0	0	0	0	0	0	0	0
m1352	0	0	6	0	0	0	12	12	0	0	0	0	12	0	7	0	12	0	0	0	0	0	0	3	0
m1376	0	0	0	0	0	0	8	7	0	0	0	0	8	6	6	0	8	0	0	0	0	0	0	3	0
m175	0	0	8	0	0	0	10	7	0	0	0	0	10	0	10	0	10	0	0	0	0	0	0	0	0
m1383	0	0	3	0	0	0	3	3	0	0	0	0	3	0	3	0	3	0	0	0	0	0	0	2	0
m1386	0	0	11	0	2	0	13	0	0	0	0	0	13	3	11	5	13	0	0	5	5	0	0	0	2
m774	0	0	25	0	0	0	35	29	0	0	0	0	35	26	0	0	35	0	0	0	0	0	0	0	0
m1393	0	0	2	0	0	0	2	2	0	0	0	0	2	1	2	0	2	0	0	0	0	0	0	0	0
m1399	0	0	0	0	3	0	5	4	0	0	0	0	5	5	4	4	5	0	0	4	4	0	0	0	3
m1400	0	0	4	0	5	0	7	7	0	0	0	0	7	6	5	5	7	0	0	5	5	0	0	0	5
m1401	0	0	23	0	0	0	33	30	0	0	0	0	33	0	0	0	33	0	0	0	0	0	0	0	0
m1430	0	0	9	0	0	0	10	6	0	0	0	0	10	0	8	0	10	0	0	0	0	0	0	5	0
m1431	0	0	7	0	0	0	10	10	0	0	0	0	10	5	7	0	10	0	0	0	0	0	0	5	0
m1450	0	0	0	0	0	0	3	3	0	0	0	0	3	0	0	0	3	0	0	0	0	0	0	0	0
m1458	0	0	5	0	0	0	6	6	0	0	0	0	6	4	5	0	6	0	0	0	0	0	0	0	0
m1461	0	0	3	0	1	0	4	0	0	0	0	0	4	3	3	2	4	0	0	2	2	0	0	0	1
m1465	0	0	0	0	2	0	7	7	0	0	0	0	7	5	6	0	7	0	0	0	0	0	0	0	2
m1467	0	0	45	0	0	0	54	51	0	0	0	0	54	0	0	0	54	0	0	0	0	0	0	0	0
m1473	0	0	7	0	0	0	9	8	0	0	0	0	9	0	7	0	9	0	0	0	0	0	0	4	0
m1475	0	0	3	0	0	0	5	4	0	0	0	0	5	0	4	2	5	0	0	2	2	0	0	3	0
m1495	0	0	23	0	10	0	29	0	0	0	0	0	29	0	0	0	29	0	0	0	0	0	0	0	14
m1496	0	0	22	0	0	0	28	22	0	0	0	0	28	24	27	0	28	0	0	0	0	0	0	0	0
m173	0	0	3	0	0	0	4	3	0	0	0	0	4	0	3	0	4	0	0	0	0	0	0	0	0
m1512	0	0	7	0	0	0	9	8	0	0	0	0	9	0	0	0	9	0	0	0	0	0	0	0	0
m1056	0	0	9	0	0	0	13	10	0	0	0	0	13	0	0	0	13	0	0	0	0	0	0	0	0
m1519	0	0	0	0	0	0	31	25	0	0	0	0	31	26	24	0	31	0	0	0	0	0	0	0	0
m1520	0	0	3	0	0	0	3	3	0	0	0	0	3	0	0	0	3	0	0	0	0	0	0	0	0
m1538	0	0	0	0	0	0	1	1	0	0	0	0	1	1	1	0	1	0	0	0	0	0	0	0	0
m1545	0	0	0	0	0	0	4	4	0	0	0	0	4	3	0	0	4	0	0	0	0	0	0	0	0
m1557	0	0	12	0	0	0	16	16	0	0	0	0	16	15	14	7	16	0	0	7	7	0	0	0	0
m1567	0	0	0	2	2	0	5	0	0	0	0	0	5	6	3	0	5	0	0	0	0	0	0	0	4
m1575	0	0	11	0	0	0	11	9	0	0	0	0	11	0	0	0	11	0	0	0	0	0	0	0	0
m1580	0	0	6	0	0	0	6	6	0	0	0	0	6	0	0	0	6	0	0	0	0	0	0	0	0
m1586	0	0	3	0	0	0	3	3	0	0	0	0	3	0	0	0	3	0	0	0	0	0	0	0	0
m773	0	0	0	0	0	0	26	22	0	0	0	0	26	0	20	0	26	0	0	0	0	0	0	0	0
m1615	0	0	0	0	2	0	5	5	0	0	0	0	5	3	5	2	5	0	0	2	2	0	0	0	2
m1617	0	0	0	0	0	0	8	6	0	0	0	0	8	8	7	0	8	0	0	0	0	0	0	0	0
m1623	0	0	9	4	3	0	12	11	0	0	0	0	12	7	9	0	12	0	0	0	0	0	0	3	3
m1633	0	0	3	0	0	0	3	3	0	0	0	0	3	3	3	0	3	0	0	0	0	0	0	0	0
m1634	0	0	8	0	0	0	9	9	0	0	0	0	9	0	0	3	9	0	0	3	3	0	0	0	0
m1639	0	0	8	0	0	0	9	8	0	0	0	0	9	0	0	5	9	0	0	5	5	0	0	0	0
m1646	0	0	5	0	0	0	10	9	0	0	0	0	10	0	4	0	10	0	0	0	0	0	0	4	0
m1647	0	0	8	0	0	0	10	9	0	0	0	0	10	0	9	0	10	0	0	0	0	0	0	4	0
m1675	0	0	0	0	0	0	1	1	0	0	0	0	1	1	0	0	1	0	0	0	0	0	0	0	0
m1680	0	0	1	0	0	0	1	1	0	0	0	0	1	0	0	1	1	0	0	1	1	0	0	0	0
m1706	0	0	0	8	6	0	10	9	0	0	0	0	10	9	9	0	10	0	0	0	0	0	0	0	6
m1710	0	0	0	0	0	0	3	0	0	0	0	0	3	2	3	0	3	0	0	0	0	0	0	0	0
m1713	0	0	0	0	0	0	2	2	0	0	0	0	2	2	0	1	2	0	0	1	1	0	0	0	0
m1714	0	0	1	0	0	0	1	1	0	0	0	0	1	1	0	0	1	0	0	0	0	0	0	0	0
m1716	0	0	0	0	0	0	17	16	0	0	0	0	17	13	13	0	17	0	0	0	0	0	0	0	0
m1717	0	0	0	0	0	0	7	7	0	0	0	0	7	0	6	0	7	0	0	0	0	0	0	0	0
m1722	0	0	1	0	0	0	5	5	0	0	0	0	5	0	4	1	5	0	0	1	1	0	0	0	0
m1727	0	0	0	0	0	0	2	2	0	0	0	0	2	2	0	0	2	0	0	0	0	0	0	0	0
m1658	0	0	11	0	3	0	9	0	0	0	0	0	9	0	11	10	9	0	0	10	10	0	0	0	8
m1728	0	0	0	0	0	0	11	9	0	0	0	0	11	0	10	0	11	0	0	0	0	0	0	0	0
m1729	0	0	5	0	3	0	5	0	0	0	0	0	5	2	5	4	5	0	0	4	4	0	0	0	3
m1732	0	0	8	0	0	0	9	7	0	0	0	0	9	0	0	0	9	0	0	0	0	0	0	0	0
m1735	0	0	13	0	11	0	20	0	0	0	0	0	20	10	18	15	20	0	0	15	15	0	0	0	11
m1741	0	0	7	0	0	0	10	10	0	0	0	0	10	0	0	0	10	0	0	0	0	0	0	0	0
m1742	0	0	2	0	0	0	2	2	0	0	0	0	2	0	0	0	2	0	0	0	0	0	0	0	0
m1743	0	0	0	0	0	0	1	1	0	0	0	0	1	1	1	0	1	0	0	0	0	0	0	0	0
m1744	0	0	1	0	0	0	1	1	0	0	0	0	1	1	1	0	1	0	0	0	0	0	0	0	0
m1745	0	0	13	0	0	0	16	14	0	0	0	0	16	14	10	0	16	0	0	0	0	0	0	0	0
m1769	0	0	6	0	0	0	6	6	0	0	0	0	6	6	0	0	6	0	0	0	0	0	0	0	0
m1778	0	0	6	0	0	0	8	7	0	0	0	0	8	0	0	0	8	0	0	0	0	0	0	0	0
m1779	0	0	0	0	0	0	7	7	0	0	0	0	7	6	4	0	7	0	0	0	0	0	0	0	0
m1783	0	0	5	0	0	0	7	6	0	0	0	0	7	0	4	5	7	0	0	5	5	0	0	0	2
m1790	0	0	0	0	0	0	1	1	0	0	0	0	1	0	1	0	1	0	0	0	0	0	0	0	0
m1799	0	0	6	0	0	0	6	6	0	0	0	0	6	0	5	0	6	0	0	0	0	0	0	5	0
m1806	0	0	0	0	0	0	2	2	0	0	0	0	2	2	2	0	2	0	0	0	0	0	0	0	0
m1842	0	0	2	0	1	0	2	0	0	0	0	0	2	0	0	0	2	0	0	0	0	0	0	0	1
m1845	0	0	5	0	0	0	9	9	0	0	0	0	9	6	6	0	9	0	0	0	0	0	0	0	0
m1853	0	0	3	0	0	0	3	3	0	0	0	0	3	0	0	2	3	0	0	2	2	0	0	0	0
m1855	0	0	4	0	2	0	8	0	0	0	0	0	8	0	8	1	8	0	0	1	1	0	0	0	2
m1861	0	0	1	0	0	0	2	2	0	0	0	0	2	2	2	0	2	0	0	0	0	0	0	0	0
m1863	0	0	2	0	0	0	4	3	0	0	0	0	4	0	3	0	4	0	0	0	0	0	0	1	0
m1869	0	0	1	0	0	0	1	1	0	0	0	0	1	1	1	0	1	0	0	0	0	0	0	0	0
m1900	0	0	0	0	0	0	2	2	0	0	0	0	2	2	2	0	2	0	0	0	0	0	0	1	0
m1470	0	0	0	0	0	0	6	5	0	0	0	0	6	6	6	0	6	0	0	0	0	0	0	4	0
m1901	0	0	5	0	0	0	5	4	0	0	0	0	5	0	0	0	5	0	0	0	0	0	0	0	0
m1902	0	0	18	0	0	0	29	26	0	0	0	0	29	21	0	21	29	0	0	21	21	0	0	0	0
m1910	0	0	2	0	0	0	3	3	0	0	0	0	3	0	0	3	3	0	0	3	3	0	0	0	0
m1915	0	0	4	0	0	0	5	5	0	0	0	0	5	0	0	3	5	0	0	3	3	0	0	0	0
m1943	0	0	0	0	0	0	8	4	0	0	0	0	8	8	6	0	8	0	0	0	0	0	0	0	0
m1952	0	0	2	0	0	0	4	4	0	0	0	0	4	3	0	3	4	0	0	3	3	0	0	0	0
m1954	0	0	2	0	0	0	2	2	0	0	0	0	2	0	0	0	2	0	0	0	0	0	0	0	0
m1958	0	0	2	0	0	0	2	2	0	0	0	0	2	0	0	0	2	0	0	0	0	0	0	0	0
m1982	0	0	1	1	0	0	3	3	0	0	0	0	3	3	3	0	3	0	0	0	0	0	0	3	0
m1986	0	0	8	0	0	0	11	4	0	0	0	0	11	0	0	6	11	0	0	6	6	0	0	0	0
m1987	0	0	8	5	0	0	13	12	0	0	0	0	13	13	12	0	13	0	0	0	0	0	0	6	0
m1989	0	0	1	0	0	0	1	1	0	0	0	0	1	0	1	0	1	0	0	0	0	0	0	1	0
m1995	0	0	0	0	0	0	2	2	0	0	0	0	2	1	1	0	2	0	0	0	0	0	0	0	0
m2000	0	0	2	0	0	0	2	2	0	0	0	0	2	0	2	0	2	0	0	0	0	0	0	2	0
m2004	0	0	7	0	0	0	7	7	0	0	0	0	7	6	6	0	7	0	0	0	0	0	0	5	0
m2027	0	0	22	0	0	0	36	32	0	0	0	0	36	24	19	0	36	0	0	0	0	0	0	0	0
m2028	0	0	4	0	0	0	7	7	0	0	0	0	7	0	2	0	7	0	0	0	0	0	0	0	0
m2034	0	0	5	0	0	0	7	7	0	0	0	0	7	5	7	0	7	0	0	0	0	0	0	0	0
m2041	0	0	0	0	0	0	1	1	0	0	0	0	1	0	1	0	1	0	0	0	0	0	0	0	0
m2043	0	0	0	0	0	0	1	1	0	0	0	0	1	1	1	0	1	0	0	0	0	0	0	1	0
m2049	0	0	1	0	0	0	1	1	0	0	0	0	1	0	1	0	1	0	0	0	0	0	0	1	0
m2051	0	0	1	0	0	0	1	1	0	0	0	0	1	0	1	0	1	0	0	0	0	0	0	1	0
m2052	0	0	1	0	0	0	1	1	0	0	0	0	1	0	1	1	1	0	0	1	1	0	0	0	1
m2053	0	0	6	0	0	0	7	7	0	0	0	0	7	0	6	0	7	0	0	0	0	0	0	3	0
m2055	0	0	0	2	0	0	5	5	0	0	0	0	5	3	5	0	5	0	0	0	0	0	0	3	0
m2056	0	0	1	0	1	0	1	0	0	0	0	0	1	0	1	1	1	0	0	1	1	0	0	0	1
m2057	0	0	1	0	0	0	1	1	0	0	0	0	1	0	0	0	1	0	0	0	0	0	0	0	0
m2059	0	0	13	0	0	0	16	16	0	0	0	0	16	11	13	0	16	0	0	0	0	0	0	0	0
m2060	0	0	0	0	0	0	1	1	0	0	0	0	1	1	1	0	1	0	0	0	0	0	0	1	0
m2078	0	0	2	0	0	0	3	2	0	0	0	0	3	0	1	0	3	0	0	0	0	0	0	1	0
m312	0	0	2	0	0	0	3	2	0	0	0	0	3	0	3	0	3	0	0	0	0	0	0	2	0
m2084	0	0	9	0	0	0	12	11	0	0	0	0	12	0	10	0	12	0	0	0	0	0	0	0	0
m2100	0	0	0	0	1	0	2	0	0	0	0	0	2	2	0	0	2	0	0	0	0	0	0	0	1
m2134	0	0	1	0	1	0	1	0	0	0	0	0	1	0	0	0	1	0	0	0	0	0	0	0	1
m2145	0	0	0	0	0	0	6	5	0	0	0	0	6	6	5	0	6	0	0	0	0	0	0	3	0
m2149	0	0	3	0	0	0	6	6	0	0	0	0	6	5	5	0	6	0	0	0	0	0	0	0	0
m2160	0	0	9	5	0	0	14	14	0	0	0	0	14	9	9	0	14	0	0	0	0	0	0	3	0
m2180	0	0	24	0	0	0	36	33	0	0	0	0	36	29	30	0	36	0	0	0	0	0	0	0	0
m2190	0	0	6	6	0	0	9	7	0	0	0	0	9	8	8	0	9	0	0	0	0	0	0	5	0
m2197	0	0	2	0	0	0	2	2	0	0	0	0	2	0	2	0	2	0	0	0	0	0	0	1	0
m2198	0	0	2	0	0	0	2	2	0	0	0	0	2	2	2	0	2	0	0	0	0	0	0	0	0
m2230	0	0	0	0	0	0	1	1	0	0	0	0	1	1	1	0	1	0	0	0	0	0	0	0	0
m2231	0	0	0	0	0	0	1	1	0	0	0	0	1	0	0	0	1	0	0	0	0	0	0	0	0
m2232	0	0	4	0	0	0	6	6	0	0	0	0	6	0	5	0	6	0	0	0	0	0	0	0	0
m2234	0	0	0	0	0	0	8	7	0	0	0	0	8	7	4	0	8	0	0	0	0	0	0	0	0
m2237	0	0	1	0	0	0	1	1	0	0	0	0	1	0	1	0	1	0	0	0	0	0	0	0	0
m2246	0	0	2	0	0	0	2	2	0	0	0	0	2	0	0	0	2	0	0	0	0	0	0	0	0
m2252	0	0	5	0	0	0	10	8	0	0	0	0	10	0	0	0	10	0	0	0	0	0	0	0	0
m557	0	0	30	6	0	0	37	34	0	0	0	0	37	34	34	0	37	0	0	0	0	0	0	19	0
m2343	0	0	0	0	4	0	18	0	0	0	0	0	18	9	16	0	18	0	0	0	0	0	0	0	4
m2352	0	0	1	0	0	0	1	1	0	0	0	0	1	0	1	0	1	0	0	0	0	0	0	1	0
m2359	0	0	0	0	0	0	1	1	0	0	0	0	1	0	1	0	1	0	0	0	0	0	0	0	0
m2360	0	0	0	0	0	0	2	2	0	0	0	0	2	1	2	0	2	0	0	0	0	0	0	1	0
m2370	0	0	1	0	1	0	1	0	0	0	0	0	1	0	1	1	1	0	0	1	1	0	0	0	1
m2132	0	0	8	0	1	0	7	0	0	0	0	0	7	0	8	6	7	0	0	6	6	0	0	0	4
m2389	0	0	4	0	4	0	4	3	0	0	0	0	4	3	0	4	4	0	0	4	4	0	0	0	5
m2390	0	0	0	0	5	0	6	6	0	0	0	0	6	6	5	0	6	0	0	0	0	0	0	3	5
m2393	0	0	2	0	0	0	2	2	0	0	0	0	2	2	0	0	2	0	0	0	0	0	0	0	0
m2411	0	0	0	3	2	0	4	0	0	0	0	0	4	4	3	0	4	0	0	0	0	0	0	0	2
m2415	0	0	0	0	0	0	4	4	0	0	0	0	4	3	4	0	4	0	0	0	0	0	0	3	0
m2449	0	0	3	0	0	0	3	3	0	0	0	0	3	0	0	0	3	0	0	0	0	0	0	0	0
m2452	0	0	2	0	0	0	2	2	0	0	0	0	2	0	0	0	2	0	0	0	0	0	0	0	0
m2454	0	0	2	0	2	0	4	0	0	0	0	0	4	3	4	3	4	0	0	3	3	0	0	0	2
m2462	0	0	1	0	0	0	2	2	0	0	0	0	2	0	0	1	2	0	0	1	1	0	0	0	0
m2467	0	0	5	0	1	0	6	6	0	0	0	0	6	3	0	0	6	0	0	0	0	0	0	0	1
m2477	0	0	2	0	0	0	3	3	0	0	0	0	3	0	3	0	3	0	0	0	0	0	0	2	0
m2478	0	0	0	0	0	0	33	28	0	0	0	0	33	31	28	0	33	0	0	0	0	0	0	14	0
m2480	0	0	0	0	1	0	1	0	0	0	0	0	1	0	1	0	1	0	0	0	0	0	0	0	1
m2489	0	0	0	1	1	0	2	2	0	0	0	0	2	2	2	0	2	0	0	0	0	0	0	0	1
m2490	0	0	6	0	0	0	8	7	0	0	0	0	8	0	0	0	8	0	0	0	0	0	0	0	0
m2493	0	0	0	0	2	0	8	0	0	0	0	0	8	4	4	0	8	0	0	0	0	0	0	0	2
m2496	0	0	1	0	0	0	1	1	0	0	0	0	1	0	0	0	1	0	0	0	0	0	0	0	0
m2518	0	0	1	0	1	0	1	0	0	0	0	0	1	1	1	1	1	0	0	1	1	0	0	0	1
m2519	0	0	2	0	0	0	2	2	0	0	0	0	2	0	2	0	2	0	0	0	0	0	0	2	0
m2521	0	0	1	0	0	0	1	1	0	0	0	0	1	0	0	0	1	0	0	0	0	0	0	0	0
m2561	0	0	4	0	0	0	5	3	0	0	0	0	5	5	5	0	5	0	0	0	0	0	0	0	0
m2562	0	0	5	0	0	0	6	5	0	0	0	0	6	5	3	0	6	0	0	0	0	0	0	0	0
m2582	0	0	0	0	0	0	1	1	0	0	0	0	1	1	1	0	1	0	0	0	0	0	0	1	0
m2603	0	0	4	0	0	0	4	3	0	0	0	0	4	0	0	2	4	0	0	2	2	0	0	0	0
m237	0	0	1	0	3	0	4	0	0	0	0	0	4	0	0	2	4	0	0	2	2	0	0	0	3
m2608	0	0	2	0	0	0	3	0	0	0	0	0	3	1	3	0	3	0	0	0	0	0	0	0	0
m2611	0	0	0	0	1	0	2	0	0	0	0	0	2	0	1	0	2	0	0	0	0	0	0	0	1
m2615	0	0	3	0	0	0	4	4	0	0	0	0	4	0	3	0	4	0	0	0	0	0	0	0	0
m2629	0	0	2	0	0	0	2	2	0	0	0	0	2	1	1	0	2	0	0	0	0	0	0	0	0
m2650	0	0	0	7	0	0	21	19	0	0	0	0	21	15	0	6	21	0	0	6	6	0	0	0	0
m2670	0	0	1	0	0	0	1	1	0	0	0	0	1	0	0	1	1	0	0	1	1	0	0	0	0
m2672	0	0	1	0	0	0	1	1	0	0	0	0	1	0	0	1	1	0	0	1	1	0	0	0	0
m2673	0	0	9	0	0	0	9	9	0	0	0	0	9	5	9	0	9	0	0	0	0	0	0	4	0
m2677	0	0	7	4	4	0	7	0	0	0	0	0	7	6	7	0	7	0	0	0	0	0	0	0	4
m2690	0	0	3	0	0	0	4	4	0	0	0	0	4	0	0	0	4	0	0	0	0	0	0	0	0
m2235	0	0	34	0	0	0	40	37	0	0	0	0	40	23	0	0	40	0	0	0	0	0	0	0	0
m1543	0	0	1	0	1	0	1	0	0	0	0	0	1	1	1	1	1	0	0	1	1	0	0	0	1
m2705	0	0	1	0	0	0	1	1	0	0	0	0	1	1	1	0	1	0	0	0	0	0	0	0	0
m517	0	0	17	0	0	0	25	22	0	0	0	0	25	20	20	0	25	0	0	0	0	0	0	9	0
m2716	0	0	2	0	2	0	5	0	0	0	0	0	5	3	0	0	5	0	0	0	0	0	0	0	2
m2719	0	0	1	0	0	0	1	1	0	0	0	0	1	0	0	1	1	0	0	1	1	0	0	0	1
m2730	0	0	4	0	0	0	4	4	0	0	0	0	4	3	3	0	4	0	0	0	0	0	0	0	0
m2742	0	0	7	0	0	0	10	10	0	0	0	0	10	0	4	3	10	0	0	3	3	0	0	0	0
m2261	0	0	0	0	0	0	10	9	0	0	0	0	10	9	9	0	10	0	0	0	0	0	0	0	0
m2848	0	0	6	0	0	0	9	6	0	0	0	0	9	0	9	2	9	0	0	2	2	0	0	3	0
m2861	0	0	4	3	0	0	6	6	0	0	0	0	6	4	5	0	6	0	0	0	0	0	0	4	0
m2871	0	0	3	0	0	0	4	4	0	0	0	0	4	0	2	4	4	0	0	4	4	0	0	0	0
m2887	0	0	1	0	0	0	1	1	0	0	0	0	1	1	1	0	1	0	0	0	0	0	0	0	0
m2939	0	0	1	0	0	0	1	1	0	0	0	0	1	1	1	0	1	0	0	0	0	0	0	0	0
m2941	0	0	0	0	0	0	7	6	0	0	0	0	7	6	6	0	7	0	0	0	0	0	0	0	0
m2951	0	0	12	0	0	0	15	13	0	0	0	0	15	11	0	0	15	0	0	0	0	0	0	0	0
m2952	0	0	0	0	0	0	1	1	0	0	0	0	1	1	1	0	1	0	0	0	0	0	0	0	0
m2959	0	0	2	0	0	0	2	2	0	0	0	0	2	2	0	1	2	0	0	1	1	0	0	0	0
m2995	0	0	2	0	0	0	3	2	0	0	0	0	3	0	3	0	3	0	0	0	0	0	0	0	0
m2999	0	0	2	0	0	0	2	2	0	0	0	0	2	0	0	0	2	0	0	0	0	0	0	0	0
m3007	0	0	0	0	0	0	2	2	0	0	0	0	2	0	2	0	2	0	0	0	0	0	0	0	0
m3009	0	0	0	0	0	0	1	1	0	0	0	0	1	0	1	0	1	0	0	0	0	0	0	0	0
m3033	0	0	2	0	0	0	2	2	0	0	0	0	2	0	0	0	2	0	0	0	0	0	0	0	0
m3041	0	0	1	0	1	0	1	0	0	0	0	0	1	1	1	1	1	0	0	1	1	0	0	0	1
m3044	0	0	1	1	0	0	1	1	0	0	0	0	1	1	1	1	1	0	0	1	1	0	0	0	1
m3047	0	0	1	0	0	0	1	1	0	0	0	0	1	0	0	0	1	0	0	0	0	0	0	0	0
m3060	0	0	4	0	0	0	8	7	0	0	0	0	8	0	7	0	8	0	0	0	0	0	0	3	0
m3067	0	0	0	0	0	0	1	1	0	0	0	0	1	1	1	0	1	0	0	0	0	0	0	0	0
m3068	0	0	4	0	0	0	4	4	0	0	0	0	4	2	1	0	4	0	0	0	0	0	0	0	0
m3104	0	0	1	0	0	0	1	1	0	0	0	0	1	1	1	0	1	0	0	0	0	0	0	1	0
m3113	0	0	4	0	0	0	4	4	0	0	0	0	4	0	0	0	4	0	0	0	0	0	0	0	0
m3122	0	0	1	0	0	0	1	1	0	0	0	0	1	0	0	1	1	0	0	1	1	0	0	0	0
m3140	0	0	2	0	0	0	2	2	0	0	0	0	2	0	0	2	2	0	0	2	2	0	0	0	0
m3143	0	0	4	0	1	0	6	0	0	0	0	0	6	4	0	0	6	0	0	0	0	0	0	0	1
m3159	0	0	1	0	0	0	2	1	0	0	0	0	2	2	2	0	2	0	0	0	0	0	0	0	0
m3169	0	0	1	0	0	0	1	1	0	0	0	0	1	0	1	0	1	0	0	0	0	0	0	1	0
m3171	0	0	2	0	0	0	2	2	0	0	0	0	2	0	1	0	2	0	0	0	0	0	0	0	0
m3174	0	0	0	0	0	0	7	0	0	0	0	0	7	2	6	0	7	0	0	0	0	0	0	0	0
m3175	0	0	0	0	0	0	1	0	0	0	0	0	1	0	1	0	1	0	0	0	0	0	0	0	0
m58	0	0	8	0	0	0	10	9	0	0	0	0	10	7	8	2	10	0	0	2	2	0	0	0	0
m83	0	0	2	0	0	0	2	2	0	0	0	0	2	0	2	0	2	0	0	0	0	0	0	2	0
m107	0	0	1	0	0	0	1	1	0	0	0	0	1	0	1	0	1	0	0	0	0	0	0	0	0
m124	0	0	8	0	0	0	9	9	0	0	0	0	9	7	8	0	9	0	0	0	0	0	0	0	0
m127	0	0	10	6	5	0	18	17	0	0	0	0	18	16	14	8	18	0	0	8	8	0	0	0	5
m162	0	0	0	0	0	0	1	1	0	0	0	0	1	1	1	0	1	0	0	0	0	0	0	1	0
m101	0	0	1	0	0	0	1	1	0	0	0	0	1	0	1	0	1	0	0	0	0	0	0	1	0
m228	0	0	0	1	0	0	1	1	0	0	0	0	1	1	1	0	1	0	0	0	0	0	0	1	0
m232	0	0	5	0	0	0	4	4	0	0	0	0	4	1	3	0	4	0	0	0	0	0	0	0	0
m296	0	0	1	0	0	0	1	1	0	0	0	0	1	1	1	0	1	0	0	0	0	0	0	1	0
m332	0	0	2	0	0	0	2	2	0	0	0	0	2	0	1	0	2	0	0	0	0	0	0	1	0
m333	0	0	1	0	0	0	1	1	0	0	0	0	1	0	1	0	1	0	0	0	0	0	0	1	0
m334	0	0	0	0	0	0	11	10	0	0	0	0	11	4	9	0	11	0	0	0	0	0	0	0	0
m339	0	0	11	0	0	0	14	14	0	0	0	0	14	9	13	0	14	0	0	0	0	0	0	0	0
m353	0	0	6	0	0	0	10	6	0	0	0	0	10	10	9	0	10	0	0	0	0	0	0	0	0
m761	0	0	0	0	0	0	6	5	0	0	0	0	6	0	5	1	6	0	0	1	1	0	0	0	0
m766	0	0	1	0	0	0	1	1	0	0	0	0	1	1	1	0	1	0	0	0	0	0	0	0	0
m1019	0	0	1	0	0	0	1	1	0	0	0	0	1	0	1	0	1	0	0	0	0	0	0	1	0
m1038	0	0	1	0	0	0	1	1	0	0	0	0	1	0	0	0	1	0	0	0	0	0	0	0	0
m996	0	0	1	0	0	0	2	2	0	0	0	0	2	0	2	0	2	0	0	0	0	0	0	0	0
m1234	0	0	0	0	0	0	24	20	0	0	0	0	24	16	21	0	24	0	0	0	0	0	0	0	0
m1443	0	0	4	0	0	0	4	4	0	0	0	0	4	3	3	0	4	0	0	0	0	0	0	0	0
m1551	0	0	18	3	0	0	21	19	0	0	0	0	21	16	20	0	21	0	0	0	0	0	0	11	0
m1553	0	0	19	4	0	0	26	25	0	0	0	0	26	16	22	0	26	0	0	0	0	0	0	13	0
m1554	0	0	11	3	0	0	16	14	0	0	0	0	16	11	13	0	16	0	0	0	0	0	0	0	0
m1581	0	0	13	4	0	0	17	17	0	0	0	0	17	14	13	0	17	0	0	0	0	0	0	7	0
m1582	0	0	11	6	0	0	14	13	0	0	0	0	14	11	12	0	14	0	0	0	0	0	0	8	0
m1584	0	0	0	0	0	0	8	7	0	0	0	0	8	5	6	0	8	0	0	0	0	0	0	0	0
m1003	0	0	9	4	4	0	14	12	0	0	0	0	14	11	12	0	14	0	0	0	0	0	0	0	4
m1590	0	0	5	0	0	0	9	8	0	0	0	0	9	0	8	0	9	0	0	0	0	0	0	4	0
m1654	0	0	2	0	0	0	4	4	0	0	0	0	4	4	4	1	4	0	0	1	1	0	0	2	0
m1668	0	0	6	6	4	0	12	0	0	0	0	0	12	10	12	0	12	0	0	0	0	0	0	0	5
m1670	0	0	0	0	0	0	12	10	0	0	0	0	12	0	8	0	12	0	0	0	0	0	0	4	0
m116	0	0	2	0	0	0	30	26	0	0	0	0	30	29	25	2	30	0	0	2	2	0	0	0	0
m1702	0	0	5	0	2	0	7	0	0	0	0	0	7	5	5	2	7	0	0	2	2	0	0	0	2
m348	0	0	0	5	2	0	8	7	0	0	0	0	8	8	8	0	8	0	0	0	0	0	0	0	2
m1733	0	0	6	0	0	0	12	8	0	0	0	0	12	7	10	0	12	0	0	0	0	0	0	0	0
m347	0	0	0	0	0	0	10	8	0	0	0	0	10	7	9	3	10	0	0	3	3	0	0	0	0
m1738	0	0	1	0	0	0	2	2	0	0	0	0	2	0	2	0	2	0	0	0	0	0	0	1	0
m1746	0	0	1	0	0	0	3	3	0	0	0	0	3	3	3	1	3	0	0	1	1	0	0	0	0
m1774	0	0	11	4	4	0	14	12	0	0	0	0	14	10	12	0	14	0	0	0	0	0	0	0	4
m350	0	0	3	0	0	0	4	4	0	0	0	0	4	0	4	0	4	0	0	0	0	0	0	2	0
m1866	0	0	0	0	0	0	11	9	0	0	0	0	11	8	9	0	11	0	0	0	0	0	0	0	0
m1872	0	0	77	0	0	0	81	73	0	0	0	0	81	0	67	0	81	0	0	0	0	0	0	47	0
m1991	0	0	0	0	0	0	2	2	0	0	0	0	2	2	2	0	2	0	0	0	0	0	0	1	0
m2007	0	0	13	0	0	0	14	14	0	0	0	0	14	6	11	6	14	0	0	6	6	0	0	0	0
m2042	0	0	6	1	0	0	6	6	0	0	0	0	6	2	5	0	6	0	0	0	0	0	0	0	0
m2064	0	0	3	0	0	0	3	3	0	0	0	0	3	0	3	0	3	0	0	0	0	0	0	2	0
m2065	0	0	1	0	0	0	1	1	0	0	0	0	1	0	1	0	1	0	0	0	0	0	0	1	0
m2068	0	0	0	0	0	0	7	6	0	0	0	0	7	4	7	2	7	0	0	2	2	0	0	4	0
m2071	0	0	0	4	4	0	19	0	0	0	0	0	19	11	17	0	19	0	0	0	0	0	0	0	4
m2279	0	0	2	0	0	0	2	2	0	0	0	0	2	0	2	0	2	0	0	0	0	0	0	2	0
m2386	0	0	0	0	0	0	1	1	0	0	0	0	1	1	0	1	1	0	0	1	1	0	0	0	0
m2426	0	0	4	3	0	0	5	4	0	0	0	0	5	3	5	0	5	0	0	0	0	0	0	3	0
m2453	0	0	0	0	0	0	1	1	0	0	0	0	1	1	0	1	1	0	0	1	1	0	0	0	0
m2486	0	0	1	0	0	0	1	1	0	0	0	0	1	0	1	0	1	0	0	0	0	0	0	1	0
m2498	0	0	1	0	0	0	1	1	0	0	0	0	1	0	0	0	1	0	0	0	0	0	0	0	0
m2506	0	0	0	2	3	0	7	0	0	0	0	0	7	5	5	2	7	0	0	2	2	0	0	0	3
m2585	0	0	0	0	0	0	1	1	0	0	0	0	1	1	1	0	1	0	0	0	0	0	0	1	0
m898	0	0	0	0	0	0	1	1	0	0	0	0	1	1	1	0	1	0	0	0	0	0	0	1	0
m2675	0	0	0	0	0	0	1	1	0	0	0	0	1	1	1	0	1	0	0	0	0	0	0	1	0
m2678	0	0	0	0	0	0	1	1	0	0	0	0	1	1	1	0	1	0	0	0	0	0	0	1	0
m2681	0	0	1	0	0	0	1	1	0	0	0	0	1	0	1	0	1	0	0	0	0	0	0	0	0
m2683	0	0	1	0	0	0	1	1	0	0	0	0	1	1	1	0	1	0	0	0	0	0	0	0	0
m656	0	0	3	0	0	0	4	4	0	0	0	0	4	0	0	2	4	0	0	2	2	0	0	0	0
m358	0	0	0	7	4	0	27	26	0	0	0	0	27	18	21	0	27	0	0	0	0	0	0	0	5
m2703	0	0	2	0	0	0	2	2	0	0	0	0	2	0	2	0	2	0	0	0	0	0	0	0	0
m2637	0	0	2	0	0	0	2	2	0	0	0	0	2	0	2	0	2	0	0	0	0	0	0	0	0
m2732	0	0	0	0	0	0	1	1	0	0	0	0	1	1	1	1	1	0	0	1	1	0	0	0	0
m2733	0	0	3	0	0	0	3	3	0	0	0	0	3	0	2	0	3	0	0	0	0	0	0	0	0
m2889	0	0	1	0	0	0	1	1	0	0	0	0	1	1	0	0	1	0	0	0	0	0	0	0	0
m2907	0	0	2	0	0	0	3	2	0	0	0	0	3	0	3	0	3	0	0	0	0	0	0	0	0
m2909	0	0	66	49	0	0	78	73	0	0	0	0	78	68	66	0	78	0	0	0	0	0	0	48	0
m161	0	0	21	0	0	0	31	28	0	0	0	0	31	0	26	3	31	0	0	3	3	0	0	0	0
m3144	0	0	0	0	0	0	2	2	0	0	0	0	2	2	2	0	2	0	0	0	0	0	0	2	0
m3154	0	0	0	2	0	0	4	2	0	0	0	0	4	3	0	1	4	0	0	1	1	0	0	0	0
m1867	0	0	14	0	0	0	13	12	0	0	0	0	13	0	7	0	13	0	0	0	0	0	0	0	0
m3156	0	0	3	0	0	0	6	5	0	0	0	0	6	0	5	0	6	0	0	0	0	0	0	3	0
m1533	0	0	4	0	0	0	6	6	0	0	0	0	6	3	4	0	6	0	0	0	0	0	0	0	0
m3191	0	0	3	2	2	0	5	5	0	0	0	0	5	5	0	1	5	0	0	1	1	0	0	0	2
m258	0	0	13	1	0	0	18	16	0	0	0	0	18	11	12	0	18	0	0	0	0	0	0	5	0
m3049	0	0	6	0	0	0	8	8	0	0	0	0	8	4	5	0	8	0	0	0	0	0	0	0	0
m2014	0	0	0	4	0	0	22	21	0	0	0	0	22	13	0	0	22	0	0	0	0	0	0	0	0
m3192	0	0	0	0	0	0	2	2	0	0	0	0	2	2	1	0	2	0	0	0	0	0	0	1	0
m1230	0	0	27	6	6	0	32	31	0	0	0	0	32	19	0	0	32	0	0	0	0	0	0	0	7
m3194	0	0	0	0	0	0	4	4	0	0	0	0	4	3	3	2	4	0	0	2	2	0	0	0	0
m2062	0	0	18	0	0	0	25	21	0	0	0	0	25	0	17	0	25	0	0	0	0	0	0	6	0
m3196	0	0	0	0	1	0	4	4	0	0	0	0	4	4	3	0	4	0	0	0	0	0	0	0	1
m3197	0	0	7	0	0	0	8	8	0	0	0	0	8	0	5	0	8	0	0	0	0	0	0	0	0
m3198	0	0	3	0	0	0	3	3	0	0	0	0	3	2	1	0	3	0	0	0	0	0	0	0	0
m1996	0	0	14	0	3	0	16	0	0	0	0	0	16	10	10	5	16	0	0	5	5	0	0	0	3
m3211	0	0	5	0	0	0	6	6	0	0	0	0	6	0	4	1	6	0	0	1	1	0	0	0	0
m3212	0	0	1	0	0	0	1	1	0	0	0	0	1	0	1	0	1	0	0	0	0	0	0	1	0
m3215	0	0	2	0	0	0	2	1	0	0	0	0	2	0	1	0	2	0	0	0	0	0	0	1	0
m3217	0	0	4	0	0	0	7	7	0	0	0	0	7	5	6	0	7	0	0	0	0	0	0	0	0
m3222	0	0	2	0	0	0	3	2	0	0	0	0	3	3	2	0	3	0	0	0	0	0	0	0	0
m3223	0	0	1	0	0	0	1	1	0	0	0	0	1	0	0	1	1	0	0	1	1	0	0	0	0
m3227	0	0	1	0	0	0	1	1	0	0	0	0	1	0	1	0	1	0	0	0	0	0	0	0	0
m3231	0	0	24	0	0	0	29	27	0	0	0	0	29	22	21	13	29	0	0	13	13	0	0	0	0
m3240	0	0	1	0	0	0	1	1	0	0	0	0	1	1	1	0	1	0	0	0	0	0	0	0	0
m3242	0	0	1	0	0	0	1	1	0	0	0	0	1	1	1	1	1	0	0	1	1	0	0	0	0
m3244	0	0	2	0	0	0	2	2	0	0	0	0	2	0	1	0	2	0	0	0	0	0	0	1	0
m3254	0	0	1	0	0	0	1	1	0	0	0	0	1	1	0	0	1	0	0	0	0	0	0	0	0
m3255	0	0	1	0	0	0	1	1	0	0	0	0	1	0	0	1	1	0	0	1	1	0	0	0	0
m3257	0	0	3	0	0	0	4	3	0	0	0	0	4	4	3	0	4	0	0	0	0	0	0	0	0
m3262	0	0	4	0	0	0	4	4	0	0	0	0	4	3	4	0	4	0	0	0	0	0	0	3	0
m3269	0	0	3	0	0	0	3	3	0	0	0	0	3	0	2	0	3	0	0	0	0	0	0	0	0
m3279	0	0	3	0	0	0	4	4	0	0	0	0	4	0	2	3	4	0	0	3	3	0	0	1	0
m3280	0	0	5	0	0	0	7	7	0	0	0	0	7	3	5	0	7	0	0	0	0	0	0	0	0
m3295	0	0	5	0	0	0	5	5	0	0	0	0	5	0	0	0	5	0	0	0	0	0	0	0	0
m3299	0	0	3	0	0	0	4	4	0	0	0	0	4	0	4	0	4	0	0	0	0	0	0	4	0
m3302	0	0	1	0	0	0	1	1	0	0	0	0	1	1	0	1	1	0	0	1	1	0	0	0	0
m3306	0	0	19	0	0	0	25	25	0	0	0	0	25	19	19	0	25	0	0	0	0	0	0	0	0
m3318	0	0	0	0	0	0	39	33	0	0	0	0	39	28	35	0	39	0	0	0	0	0	0	0	0
m3336	0	0	0	1	0	0	1	1	0	0	0	0	1	1	1	0	1	0	0	0	0	0	0	1	0
m3337	0	0	14	9	0	0	21	21	0	0	0	0	21	16	17	0	21	0	0	0	0	0	0	0	0
m3345	0	0	2	0	0	0	2	2	0	0	0	0	2	0	2	0	2	0	0	0	0	0	0	0	0
m3347	0	0	0	0	0	0	2	2	0	0	0	0	2	2	2	0	2	0	0	0	0	0	0	1	0
m890	0	0	7	0	0	0	11	9	0	0	0	0	11	9	10	0	11	0	0	0	0	0	0	0	0
m82	0	0	0	1	0	0	10	10	0	0	0	0	10	6	8	0	10	0	0	0	0	0	0	6	0
m96	0	0	6	2	0	0	6	6	0	0	0	0	6	6	6	0	6	0	0	0	0	0	0	2	0
m108	0	0	0	0	0	0	4	3	0	0	0	0	4	3	3	0	4	0	0	0	0	0	0	1	0
m138	0	0	0	0	1	0	1	0	0	0	0	0	1	0	1	0	1	0	0	0	0	0	0	0	1
m149	0	0	3	0	0	0	3	3	0	0	0	0	3	2	3	0	3	0	0	0	0	0	0	0	0
m157	0	0	25	8	0	0	34	31	0	0	0	0	34	33	30	0	34	0	0	0	0	0	0	17	0
m159	0	0	0	0	0	0	1	1	0	0	0	0	1	1	1	1	1	0	0	1	1	0	0	0	0
m224	0	0	8	0	0	0	8	8	0	0	0	0	8	6	8	0	8	0	0	0	0	0	0	8	0
m295	0	0	8	5	2	0	10	10	0	0	0	0	10	7	8	0	10	0	0	0	0	0	0	0	2
m297	0	0	10	0	0	0	13	11	0	0	0	0	13	0	11	0	13	0	0	0	0	0	0	6	0
m311	0	0	0	0	0	0	9	8	0	0	0	0	9	4	7	0	9	0	0	0	0	0	0	0	0
m330	0	0	2	0	0	0	3	3	0	0	0	0	3	3	2	1	3	0	0	1	1	0	0	0	0
m335	0	0	1	0	0	0	1	1	0	0	0	0	1	0	1	0	1	0	0	0	0	0	0	0	0
m336	0	0	11	4	0	0	12	11	0	0	0	0	12	9	8	0	12	0	0	0	0	0	0	0	0
m342	0	0	0	1	1	0	1	1	0	0	0	0	1	1	1	0	1	0	0	0	0	0	0	0	1
m343	0	0	1	0	0	0	1	1	0	0	0	0	1	0	1	0	1	0	0	0	0	0	0	1	0
m344	0	0	13	0	0	0	14	14	0	0	0	0	14	8	0	0	14	0	0	0	0	0	0	0	0
m298	0	0	0	0	0	0	2	2	0	0	0	0	2	2	2	0	2	0	0	0	0	0	0	0	0
m360	0	0	0	0	0	0	24	22	0	0	0	0	24	0	0	0	24	0	0	0	0	0	0	0	0
m378	0	0	2	0	1	0	3	0	0	0	0	0	3	3	3	1	3	0	0	1	1	0	0	0	1
m544	0	0	1	0	0	0	1	1	0	0	0	0	1	0	1	0	1	0	0	0	0	0	0	1	0
m328	0	0	10	5	3	0	11	10	0	0	0	0	11	8	10	0	11	0	0	0	0	0	0	0	3
m567	0	0	11	3	3	0	11	9	0	0	0	0	11	10	11	0	11	0	0	0	0	0	0	2	3
m648	0	0	1	0	0	0	1	1	0	0	0	0	1	1	0	1	1	0	0	1	1	0	0	0	0
m651	0	0	5	0	0	0	7	7	0	0	0	0	7	6	7	0	7	0	0	0	0	0	0	0	0
m755	0	0	3	0	0	0	3	3	0	0	0	0	3	0	3	0	3	0	0	0	0	0	0	2	0
m756	0	0	15	3	4	0	19	17	0	0	0	0	19	12	17	7	19	0	0	7	7	0	0	0	4
m760	0	0	3	0	0	0	3	3	0	0	0	0	3	0	0	2	3	0	0	2	2	0	0	0	0
m764	0	0	0	0	0	0	2	1	0	0	0	0	2	0	2	1	2	0	0	1	1	0	0	1	0
m777	0	0	1	0	0	0	1	1	0	0	0	0	1	1	1	1	1	0	0	1	1	0	0	0	0
m780	0	0	7	0	0	0	7	7	0	0	0	0	7	4	4	0	7	0	0	0	0	0	0	0	0
m784	0	0	8	0	0	0	9	9	0	0	0	0	9	7	6	0	9	0	0	0	0	0	0	1	0
m1005	0	0	1	0	0	0	1	1	0	0	0	0	1	1	1	0	1	0	0	0	0	0	0	1	0
m1239	0	0	0	0	0	0	8	7	0	0	0	0	8	5	6	3	8	0	0	3	3	0	0	0	0
m238	0	0	0	0	0	0	8	7	0	0	0	0	8	6	0	0	8	0	0	0	0	0	0	0	0
m1241	0	0	0	0	0	0	9	9	0	0	0	0	9	8	0	0	9	0	0	0	0	0	0	0	0
m1818	0	0	5	0	0	0	9	9	0	0	0	0	9	0	0	0	9	0	0	0	0	0	0	0	0
m1820	0	0	0	0	0	0	14	11	0	0	0	0	14	8	11	0	14	0	0	0	0	0	0	5	0
m1873	0	0	2	0	0	0	3	1	0	0	0	0	3	1	0	2	3	0	0	2	2	0	0	0	0
m1874	0	0	9	0	0	0	13	12	0	0	0	0	13	8	11	0	13	0	0	0	0	0	0	0	0
m1893	0	0	0	0	0	0	1	1	0	0	0	0	1	1	1	0	1	0	0	0	0	0	0	1	0
m1898	0	0	1	0	0	0	1	1	0	0	0	0	1	1	1	0	1	0	0	0	0	0	0	1	0
m1957	0	0	11	3	0	0	16	12	0	0	0	0	16	10	11	0	16	0	0	0	0	0	0	4	0
m2006	0	0	1	0	0	0	1	1	0	0	0	0	1	1	1	0	1	0	0	0	0	0	0	0	0
m2008	0	0	1	0	0	0	1	1	0	0	0	0	1	0	0	1	1	0	0	1	1	0	0	0	0
m2035	0	0	6	0	0	0	6	5	0	0	0	0	6	3	6	0	6	0	0	0	0	0	0	0	0
m2072	0	0	0	0	0	0	2	2	0	0	0	0	2	2	0	0	2	0	0	0	0	0	0	0	0
m2073	0	0	0	0	0	0	1	1	0	0	0	0	1	1	1	0	1	0	0	0	0	0	0	1	0
m2074	0	0	2	0	1	0	2	0	0	0	0	0	2	2	2	1	2	0	0	1	1	0	0	0	1
m2088	0	0	1	0	0	0	1	1	0	0	0	0	1	1	1	0	1	0	0	0	0	0	0	1	0
m2099	0	0	6	0	1	0	6	0	0	0	0	0	6	5	6	2	6	0	0	2	2	0	0	0	1
m2119	0	0	0	0	0	0	4	3	0	0	0	0	4	3	3	0	4	0	0	0	0	0	0	1	0
m1064	0	0	0	1	0	0	2	2	0	0	0	0	2	1	2	0	2	0	0	0	0	0	0	0	0
m888	0	0	2	0	0	0	3	3	0	0	0	0	3	3	3	0	3	0	0	0	0	0	0	3	0
m2162	0	0	3	0	0	0	3	3	0	0	0	0	3	0	3	0	3	0	0	0	0	0	0	2	0
m2254	0	0	0	0	0	0	4	4	0	0	0	0	4	4	0	0	4	0	0	0	0	0	0	0	0
m1532	0	0	1	0	0	0	1	1	0	0	0	0	1	1	1	0	1	0	0	0	0	0	0	1	0
m2255	0	0	2	1	1	0	3	3	0	0	0	0	3	1	2	0	3	0	0	0	0	0	0	0	1
m2257	0	0	7	0	1	0	8	8	0	0	0	0	8	4	0	0	8	0	0	0	0	0	0	0	1
m2260	0	0	0	0	0	0	22	19	0	0	0	0	22	12	16	0	22	0	0	0	0	0	0	7	0
m349	0	0	0	0	0	0	3	2	0	0	0	0	3	0	0	1	3	0	0	1	1	0	0	0	0
m2262	0	0	0	0	0	0	2	1	0	0	0	0	2	2	2	0	2	0	0	0	0	0	0	1	0
m2266	0	0	18	3	0	0	26	24	0	0	0	1	26	14	19	0	26	0	0	0	0	0	0	10	0
m2349	0	0	16	4	0	0	26	21	0	0	0	0	26	19	20	5	26	0	0	5	5	0	0	5	0
m2362	0	0	0	8	5	0	21	18	0	0	0	0	21	15	0	0	21	0	0	0	0	0	0	0	5
m2379	0	0	0	0	0	0	1	1	0	0	0	0	1	1	1	0	1	0	0	0	0	0	0	1	0
m2383	0	0	4	0	0	0	3	1	0	0	0	0	3	3	3	0	3	0	0	0	0	0	0	1	0
m356	0	0	0	0	2	0	15	0	0	0	0	0	15	10	0	0	15	0	0	0	0	0	0	0	3
m2425	0	0	0	0	0	0	1	1	0	0	0	0	1	1	0	0	1	0	0	0	0	0	0	0	0
m2445	0	0	0	0	0	0	10	7	0	0	0	0	10	8	10	6	10	0	0	6	6	0	0	0	0
m2460	0	0	5	0	0	0	6	6	0	0	0	0	6	3	5	0	6	0	0	0	0	0	0	3	0
m2476	0	0	1	0	0	0	1	1	0	0	0	0	1	1	1	0	1	0	0	0	0	0	0	1	0
m2495	0	0	0	1	0	0	1	1	0	0	0	0	1	1	1	0	1	0	0	0	0	0	0	1	0
m2497	0	0	1	0	0	0	1	1	0	0	0	0	1	0	1	0	1	0	0	0	0	0	0	0	0
m2501	0	0	0	0	0	0	1	1	0	0	0	0	1	0	1	0	1	0	0	0	0	0	0	0	0
m2140	0	0	3	1	1	0	3	3	0	0	0	0	3	2	3	1	3	0	0	1	1	0	0	0	1
m2510	0	0	1	0	0	0	1	1	0	0	0	0	1	1	1	0	1	0	0	0	0	0	0	0	0
m2533	0	0	1	0	1	0	1	0	0	0	0	0	1	0	0	0	1	0	0	0	0	0	0	0	1
m2586	0	0	2	0	0	0	3	2	0	0	0	0	3	0	3	0	3	0	0	0	0	0	0	1	0
m2609	0	0	0	0	3	0	28	26	0	0	0	0	28	18	20	0	28	0	0	0	0	0	0	0	4
m2627	0	0	2	2	0	0	2	2	0	0	0	0	2	2	0	0	2	0	0	0	0	0	0	0	0
m2628	0	0	2	0	0	0	2	2	0	0	0	0	2	1	2	0	2	0	0	0	0	0	0	2	0
m2630	0	0	0	0	0	0	1	1	0	0	0	0	1	1	1	0	1	0	0	0	0	0	0	1	0
m2631	0	0	13	4	5	0	18	15	0	0	0	0	18	11	15	4	18	0	0	4	4	0	0	0	5
m2638	0	0	0	0	0	0	1	1	0	0	0	0	1	1	1	0	1	0	0	0	0	0	0	1	0
m2646	0	0	11	0	0	0	15	12	0	0	0	0	15	8	13	2	15	0	0	2	2	0	0	0	0
m2684	0	0	0	0	0	0	11	10	0	0	0	0	11	11	11	0	11	0	0	0	0	0	0	0	0
m2740	0	0	14	0	6	0	20	0	0	0	0	0	20	10	15	5	20	0	0	5	5	0	0	0	7
m2872	0	0	8	0	0	0	8	6	0	0	0	0	8	0	6	0	8	0	0	0	0	0	0	0	0
m2873	0	0	2	0	0	0	2	2	0	0	0	0	2	0	2	0	2	0	0	0	0	0	0	2	0
m125	0	0	0	0	0	0	10	10	0	0	0	0	10	9	11	0	10	0	0	0	0	0	0	0	0
m2949	0	0	6	0	0	0	10	8	0	0	0	0	10	0	9	0	10	0	0	0	0	0	0	0	0
m134	0	0	1	0	0	0	1	1	0	0	0	0	1	0	1	0	1	0	0	0	0	0	0	1	0
m3201	0	0	0	0	0	0	2	2	0	0	0	0	2	0	2	1	2	0	0	1	1	0	0	0	0
m2979	0	0	0	0	0	0	3	3	0	0	0	0	3	2	2	0	3	0	0	0	0	0	0	0	0
m2994	0	0	0	0	0	0	3	3	0	0	0	0	3	3	3	0	3	0	0	0	0	0	0	1	0
m3000	0	0	1	0	0	0	1	1	0	0	0	0	1	0	1	1	1	0	0	1	1	0	0	0	1
m3003	0	0	1	0	0	0	1	1	0	0	0	0	1	0	1	0	1	0	0	0	0	0	0	0	0
m3043	0	0	1	0	0	0	2	2	0	0	0	0	2	0	0	2	2	0	0	2	2	0	0	0	0
m3046	0	0	1	0	0	0	1	1	0	0	0	0	1	1	1	1	1	0	0	1	1	0	0	0	0
m3071	0	0	1	0	0	0	1	1	0	0	0	0	1	0	0	1	1	0	0	1	1	0	0	0	0
m3075	0	0	1	0	0	0	1	1	0	0	0	0	1	0	1	0	1	0	0	0	0	0	0	0	0
m3080	0	0	1	0	0	0	1	1	0	0	0	0	1	0	1	0	1	0	0	0	0	0	0	1	0
m2863	0	0	0	0	1	0	5	0	0	0	0	0	5	4	5	0	5	0	0	0	0	0	0	0	1
m3160	0	0	0	0	1	0	1	1	0	0	0	0	1	1	1	0	1	0	0	0	0	0	0	1	1
m210	0	0	0	0	0	0	3	3	0	0	0	0	3	2	3	0	3	0	0	0	0	0	0	2	0
m3162	0	0	4	0	0	0	11	10	0	0	0	0	11	0	11	0	11	0	0	0	0	0	0	0	0
m3163	0	0	0	0	4	0	19	0	0	0	0	0	19	10	14	0	19	0	0	0	0	0	0	0	4
m3166	0	0	0	0	0	0	12	0	0	0	0	0	12	9	0	0	12	0	0	0	0	0	0	0	0
m3178	0	0	0	0	0	0	2	2	0	0	0	0	2	1	2	0	2	0	0	0	0	0	0	2	0
m3179	0	0	1	0	0	0	1	1	0	0	0	0	1	0	1	0	1	0	0	0	0	0	0	0	0
m3182	0	0	0	0	0	0	1	1	0	0	0	0	1	1	1	0	1	0	0	0	0	0	0	0	0
m3183	0	0	8	2	2	0	12	0	0	0	0	0	12	9	9	2	12	0	0	2	2	0	0	0	2
m178	0	0	7	2	0	0	8	8	0	0	0	0	8	6	0	0	8	0	0	0	0	0	0	0	0
m3203	0	0	0	0	0	0	1	1	0	0	0	0	1	1	1	0	1	0	0	0	0	0	0	1	0
m3207	0	0	3	0	0	0	3	3	0	0	0	0	3	2	2	0	3	0	0	0	0	0	0	0	0
m3210	0	0	8	0	1	0	10	0	0	0	0	0	10	8	8	4	10	0	0	4	4	0	0	0	1
m3218	0	0	2	0	0	0	2	2	0	0	0	0	2	2	2	2	2	0	0	2	2	0	0	0	0
m3219	0	0	0	1	2	0	6	0	0	0	0	0	6	4	5	1	6	0	0	1	1	0	0	0	2
m3228	0	0	0	4	3	0	15	0	0	0	0	0	15	12	13	0	15	0	0	0	0	0	0	0	4
m3232	0	0	0	0	0	0	3	2	0	0	0	0	3	2	2	0	3	0	0	0	0	0	0	0	0
m3236	0	0	2	0	0	0	2	2	0	0	0	0	2	1	2	0	2	0	0	0	0	0	0	0	0
m3241	0	0	1	0	0	0	1	1	0	0	0	0	1	0	1	0	1	0	0	0	0	0	0	1	0
m3251	0	0	1	0	0	0	1	1	0	0	0	0	1	1	1	1	1	0	0	1	1	0	0	0	0
m2263	0	0	0	2	0	0	13	11	0	0	0	0	13	6	11	3	13	0	0	3	3	0	0	0	0
m3259	0	0	1	0	0	0	1	1	0	0	0	0	1	1	1	0	1	0	0	0	0	0	0	0	0
m3265	0	0	1	0	0	0	1	1	0	0	0	0	1	0	1	0	1	0	0	0	0	0	0	1	0
m3266	0	0	0	0	0	0	5	5	0	0	0	0	5	3	3	0	5	0	0	0	0	0	0	2	0
m3267	0	0	0	0	1	0	7	6	0	0	0	0	7	7	0	0	7	0	0	0	0	0	0	0	1
m3268	0	0	2	0	1	0	5	0	0	0	0	0	5	3	0	1	5	0	0	1	1	0	0	0	1
m3272	0	0	1	0	0	0	1	1	0	0	0	0	1	1	1	0	1	0	0	0	0	0	0	0	0
m3273	0	0	1	0	0	0	1	1	0	0	0	0	1	0	0	0	1	0	0	0	0	0	0	0	0
m3226	0	0	1	0	0	0	1	1	0	0	0	0	1	0	1	0	1	0	0	0	0	0	0	0	0
m3283	0	0	2	0	0	0	2	2	0	0	0	0	2	1	2	0	2	0	0	0	0	0	0	0	0
m754	0	0	2	0	1	0	2	0	0	0	0	0	2	1	2	1	2	0	0	1	1	0	0	0	1
m1537	0	0	3	0	0	0	3	3	0	0	0	0	3	1	3	0	3	0	0	0	0	0	0	0	0
m3315	0	0	3	0	2	0	4	0	0	0	0	0	4	0	0	2	4	0	0	2	2	0	0	0	2
m3319	0	0	0	0	0	0	1	1	0	0	0	0	1	1	1	0	1	0	0	0	0	0	0	0	0
m3320	0	0	11	2	1	0	12	12	0	0	0	0	12	7	9	0	12	0	0	0	0	0	0	0	1
m3321	0	0	3	0	0	0	4	4	0	0	0	0	4	4	2	0	4	0	0	0	0	0	0	1	0
m3323	0	0	10	0	3	0	16	14	0	0	0	0	16	12	0	2	16	0	0	2	2	0	0	0	3
m3325	0	0	2	0	1	0	2	0	0	0	0	0	2	0	1	1	2	0	0	1	1	0	0	0	1
m3331	0	0	0	0	0	0	2	2	0	0	0	0	2	2	2	0	2	0	0	0	0	0	0	0	0
m3333	0	0	3	0	0	0	3	3	0	0	0	0	3	2	2	0	3	0	0	0	0	0	0	0	0
m3063	0	0	14	3	0	0	15	13	0	0	0	0	15	10	8	2	15	0	0	2	2	0	0	0	0
m239	0	0	0	1	1	0	2	0	0	0	0	0	2	2	1	1	2	0	0	1	1	0	0	0	1
m3341	0	0	0	0	0	0	2	2	0	0	0	0	2	2	0	1	2	0	0	1	1	0	0	0	0
m3343	0	0	3	0	0	0	3	3	0	0	0	0	3	0	0	1	3	0	0	1	1	0	0	0	0
m3350	0	0	0	0	0	0	3	3	0	0	0	0	3	2	2	0	3	0	0	0	0	0	0	0	0
m3351	0	0	1	1	1	0	1	1	0	0	0	0	1	1	0	1	1	0	0	1	1	0	0	0	1
m3353	0	0	3	0	0	0	5	4	0	0	0	0	5	4	3	0	5	0	0	0	0	0	0	0	0
m3356	0	0	1	0	0	0	1	1	0	0	0	0	1	0	1	0	1	0	0	0	0	0	0	1	0
m3357	0	0	0	0	0	0	1	1	0	0	0	0	1	1	1	0	1	0	0	0	0	0	0	1	0
m3358	0	0	0	0	0	0	2	2	0	0	0	0	2	2	2	0	2	0	0	0	0	0	0	2	0
m3359	0	0	10	0	0	0	18	15	0	0	0	0	18	10	13	0	18	0	0	0	0	0	0	0	0
m3361	0	0	0	0	0	0	2	2	0	0	0	0	2	2	2	0	2	0	0	0	0	0	0	0	0
m3363	0	0	0	0	0	0	6	6	0	0	0	0	6	4	5	0	6	0	0	0	0	0	0	0	0
m3364	0	0	2	1	1	0	3	3	0	0	0	0	3	2	3	0	3	0	0	0	0	0	0	1	1
m3365	0	0	1	0	0	0	1	1	0	0	0	0	1	0	1	0	1	0	0	0	0	0	0	0	0
m1913	0	0	0	0	0	0	13	10	0	0	0	0	13	7	9	5	13	0	0	5	5	0	0	0	0
m3374	0	0	1	0	0	0	1	1	0	0	0	0	1	0	1	0	1	0	0	0	0	0	0	1	0
m3376	0	0	1	0	0	0	1	1	0	0	0	0	1	1	1	1	1	0	0	1	1	0	0	0	1
m3380	0	0	0	0	0	0	10	9	0	0	0	0	10	0	10	0	10	0	0	0	0	0	0	5	0
m3385	0	0	1	0	0	0	1	1	0	0	0	0	1	0	1	0	1	0	0	0	0	0	0	0	0
m2010	0	0	2	0	0	0	3	3	0	0	0	0	3	0	3	0	3	0	0	0	0	0	0	0	0
m3391	0	0	6	3	0	0	10	8	0	0	0	0	10	9	8	0	10	0	0	0	0	0	0	5	0
m316	0	0	1	0	0	0	1	1	0	0	0	0	1	0	1	0	1	0	0	0	0	0	0	1	0
m3394	0	0	0	3	0	0	9	9	0	0	0	0	9	8	0	0	9	0	0	0	0	0	0	0	0
m3208	0	0	0	0	0	0	14	13	0	0	0	0	14	8	11	0	14	0	0	0	0	0	0	0	0
m3409	0	0	0	0	0	0	3	3	0	0	0	0	3	0	3	0	3	0	0	0	0	0	0	1	0
m337	0	0	3	0	0	0	3	3	0	0	0	0	3	1	3	0	3	0	0	0	0	0	0	3	0
m3412	0	0	0	0	0	0	1	1	0	0	0	0	1	1	0	0	1	0	0	0	0	0	0	0	0
m3423	0	0	1	0	0	0	1	1	0	0	0	0	1	0	0	1	1	0	0	1	1	0	0	0	0
m6	0	0	0	0	0	0	1	1	0	0	0	0	1	1	0	1	1	0	0	1	1	0	0	0	0
m3426	0	0	1	0	0	0	1	1	0	0	0	0	1	0	1	0	1	0	0	0	0	0	0	0	0
m3428	0	0	2	0	0	0	2	2	0	0	0	0	2	0	1	0	2	0	0	0	0	0	0	0	0
m123	0	0	0	0	1	0	1	0	0	0	0	0	1	0	3	0	1	0	0	0	0	0	0	0	3
m3430	0	0	0	0	0	0	6	5	0	0	0	0	6	0	4	4	6	0	0	4	4	0	0	0	0
m2632	0	0	2	0	0	0	2	2	0	0	0	0	2	2	2	1	2	0	0	1	1	0	0	0	0
m3431	0	0	12	2	0	0	17	15	0	0	0	0	17	8	14	0	17	0	0	0	0	0	0	5	0
m3434	0	0	10	0	4	0	13	0	0	0	0	0	13	9	10	3	13	0	0	3	3	0	0	0	4
m3436	0	0	0	0	0	0	1	1	0	0	0	0	1	1	1	0	1	0	0	0	0	0	0	1	0
m3439	0	0	0	0	0	0	1	1	0	0	0	0	1	1	1	0	1	0	0	0	0	0	0	0	0
m3441	0	0	1	0	0	0	1	1	0	0	0	0	1	1	1	0	1	0	0	0	0	0	0	1	0
m3447	0	0	1	0	1	0	1	0	0	0	0	0	1	1	1	1	1	0	0	1	1	0	0	0	1
m3448	0	0	2	0	0	0	2	2	0	0	0	0	2	1	2	0	2	0	0	0	0	0	0	0	0
m3449	0	0	1	0	0	0	1	1	0	0	0	0	1	0	1	0	1	0	0	0	0	0	0	0	0
m3454	0	0	1	0	0	0	1	1	0	0	0	0	1	0	1	0	1	0	0	0	0	0	0	1	0
m3455	0	0	1	0	0	0	1	1	0	0	0	0	1	1	1	0	1	0	0	0	0	0	0	1	0
m3456	0	0	1	0	1	0	1	0	0	0	0	0	1	0	0	1	1	0	0	1	1	0	0	0	1
m3312	0	0	0	0	0	0	1	1	0	0	0	0	1	1	0	0	1	0	0	0	0	0	0	0	0
m3470	0	0	0	0	0	0	1	1	0	0	0	0	1	1	1	0	1	0	0	0	0	0	0	1	0
m3471	0	0	0	0	0	0	6	5	0	0	0	0	6	0	5	1	6	0	0	1	1	0	0	0	0
m3478	0	0	0	0	0	0	1	1	0	0	0	0	1	1	1	0	1	0	0	0	0	0	0	0	0
m3480	0	0	0	0	0	0	4	4	0	0	0	0	4	4	3	0	4	0	0	0	0	0	0	2	0
m3485	0	0	4	0	0	0	4	4	0	0	0	0	4	0	4	0	4	0	0	0	0	0	0	3	0
m3489	0	0	1	0	0	0	1	1	0	0	0	0	1	1	1	0	1	0	0	0	0	0	0	0	0
m3491	0	0	1	0	0	0	1	1	0	0	0	0	1	0	1	0	1	0	0	0	0	0	0	1	0
m3495	0	0	1	0	0	0	1	1	0	0	0	0	1	0	1	0	1	0	0	0	0	0	0	1	0
m3468	0	0	0	0	0	0	1	1	0	0	0	0	1	1	1	0	1	0	0	0	0	0	0	1	0
m2718	0	0	1	1	0	0	1	1	0	0	0	0	1	1	1	0	1	0	0	0	0	0	0	1	0
m3502	0	0	6	0	0	0	7	7	0	0	0	0	7	5	6	3	7	0	0	3	3	0	0	0	0
m3505	0	0	0	0	0	0	2	2	0	0	0	0	2	2	0	0	2	0	0	0	0	0	0	0	0
m3388	0	0	2	0	0	0	2	2	0	0	0	0	2	0	2	0	2	0	0	0	0	0	0	2	0
m3514	0	0	1	0	0	0	1	1	0	0	0	0	1	0	0	0	1	0	0	0	0	0	0	0	0
m3527	0	0	3	2	0	0	3	3	0	0	0	0	3	3	0	0	3	0	0	0	0	0	0	0	0
m3528	0	0	2	0	0	0	2	2	0	0	0	0	2	0	2	0	2	0	0	0	0	0	0	2	0
m3529	0	0	4	0	0	0	6	5	0	0	0	0	6	0	6	0	6	0	0	0	0	0	0	3	0
m3530	0	0	1	1	0	0	1	1	0	0	0	0	1	1	1	0	1	0	0	0	0	0	0	1	0
m3542	0	0	1	0	0	0	1	1	0	0	0	0	1	0	0	0	1	0	0	0	0	0	0	0	0
m3546	0	0	1	0	0	0	1	1	0	0	0	0	1	0	1	0	1	0	0	0	0	0	0	0	0
m3550	0	0	3	2	0	0	3	3	0	0	0	0	3	2	3	0	3	0	0	0	0	0	0	3	0
m3555	0	0	1	0	0	0	1	1	0	0	0	0	1	1	1	0	1	0	0	0	0	0	0	0	0
m1539	0	0	1	0	1	0	1	0	0	0	0	0	1	0	0	1	1	0	0	1	1	0	0	0	1
m3560	0	0	8	3	0	0	9	0	0	0	0	0	9	3	0	2	9	0	0	2	2	0	0	0	0
m3564	0	0	1	0	0	0	2	2	0	0	0	0	2	0	0	1	2	0	0	1	1	0	0	0	0
m3566	0	0	0	0	0	0	1	1	0	0	0	0	1	1	1	0	1	0	0	0	0	0	0	0	0
m936	0	0	0	0	0	0	2	2	0	0	0	0	2	1	2	0	2	0	0	0	0	0	0	1	0
m3567	0	0	1	0	0	0	1	1	0	0	0	0	1	0	1	0	1	0	0	0	0	0	0	0	0
m3568	0	0	0	0	0	0	3	3	0	0	0	0	3	2	1	1	3	0	0	1	1	0	0	1	0
m3573	0	0	1	0	0	0	1	1	0	0	0	0	1	1	0	0	1	0	0	0	0	0	0	0	0
m3576	0	0	1	1	0	0	1	1	0	0	0	0	1	1	1	0	1	0	0	0	0	0	0	1	0
m3579	0	0	1	0	0	0	1	1	0	0	0	0	1	1	1	0	1	0	0	0	0	0	0	0	0
m3588	0	0	2	0	1	0	2	0	0	0	0	0	2	0	1	2	2	0	0	2	2	0	0	0	1
m3593	0	0	3	0	0	0	3	3	0	0	0	0	3	0	0	1	3	0	0	1	1	0	0	0	0
m3595	0	0	1	0	0	0	2	2	0	0	0	0	2	2	2	0	2	0	0	0	0	0	0	0	0
m3603	0	0	12	3	0	0	14	0	0	0	0	0	14	9	0	2	14	0	0	2	2	0	0	0	0
m3592	0	0	0	0	0	0	2	2	0	0	0	0	2	1	1	0	2	0	0	0	0	0	0	1	0
m3612	0	0	1	0	0	0	2	2	0	0	0	0	2	2	2	0	2	0	0	0	0	0	0	0	0
m3614	0	0	1	0	0	0	1	1	0	0	0	0	1	1	1	0	1	0	0	0	0	0	0	1	0
m3617	0	0	0	0	0	0	1	1	0	0	0	0	1	1	1	0	1	0	0	0	0	0	0	0	0
m3309	0	0	1	0	0	0	1	1	0	0	0	0	1	0	1	0	1	0	0	0	0	0	0	1	0
m3624	0	0	1	0	0	0	1	1	0	0	0	0	1	0	1	0	1	0	0	0	0	0	0	1	0
m3626	0	0	1	0	0	0	1	1	0	0	0	0	1	0	0	1	1	0	0	1	1	0	0	0	0
m3629	0	0	1	1	1	0	1	1	0	0	0	0	1	1	1	1	1	0	0	1	1	0	0	0	1
m3186	0	0	0	0	0	0	3	3	0	0	0	0	3	2	0	1	3	0	0	1	1	0	0	0	0
m3641	0	0	0	1	0	0	1	1	0	0	0	0	1	1	1	0	1	0	0	0	0	0	0	1	0
m3651	0	0	0	0	0	0	3	3	0	0	0	0	3	3	3	0	3	0	0	0	0	0	0	0	0
m3652	0	0	0	5	3	0	12	12	0	0	0	0	12	8	0	3	12	0	0	3	3	0	0	0	3
m3653	0	0	2	0	1	0	2	0	0	0	0	0	2	0	0	1	2	0	0	1	1	0	0	0	1
m3657	0	0	1	0	0	0	1	1	0	0	0	0	1	0	1	0	1	0	0	0	0	0	0	0	0
m3666	0	0	1	0	0	0	1	1	0	0	0	0	1	1	1	1	1	0	0	1	1	0	0	0	1
m2265	0	0	0	0	6	0	23	0	0	0	0	0	23	13	15	0	23	0	0	0	0	0	0	0	6
m3668	0	0	1	0	0	0	1	1	0	0	0	0	1	0	0	0	1	0	0	0	0	0	0	0	0
m3669	0	0	0	2	1	0	11	0	0	0	0	0	11	6	7	1	11	0	0	1	1	0	0	0	1
m3670	0	0	2	0	0	0	2	2	0	0	0	0	2	0	0	0	2	0	0	0	0	0	0	0	0
m3694	0	0	12	4	3	0	13	0	0	0	0	0	13	7	11	0	13	0	0	0	0	0	0	0	3
m2739	0	0	2	0	0	0	2	2	0	0	0	0	2	0	2	0	2	0	0	0	0	0	0	2	0
m3695	0	0	1	0	0	0	1	1	0	0	0	0	1	0	1	0	1	0	0	0	0	0	0	1	0
m3697	0	0	0	0	0	0	1	1	0	0	0	0	1	1	1	0	1	0	0	0	0	0	0	0	0
m3707	0	0	1	0	0	0	1	1	0	0	0	0	1	0	0	1	1	0	0	1	1	0	0	0	0
m3708	0	0	1	0	0	0	1	1	0	0	0	0	1	0	1	0	1	0	0	0	0	0	0	1	0
m3717	0	0	2	0	0	0	2	1	0	0	0	0	2	0	0	0	2	0	0	0	0	0	0	0	0
m3724	0	0	8	6	2	0	10	10	0	0	0	0	10	7	9	0	10	0	0	0	0	0	0	4	2
m3731	0	0	0	0	0	0	2	2	0	0	0	0	2	1	2	0	2	0	0	0	0	0	0	2	0
m53	0	0	1	0	0	0	1	1	0	0	0	0	1	1	1	0	1	0	0	0	0	0	0	0	0
m338	0	0	0	0	0	0	2	2	0	0	0	0	2	2	2	0	2	0	0	0	0	0	0	1	0
m675	0	0	2	0	0	0	2	2	0	0	0	0	2	0	1	0	2	0	0	0	0	0	0	1	0
m765	0	0	7	3	0	0	10	9	0	0	0	0	10	8	0	2	10	0	0	2	2	0	0	0	0
m995	0	0	2	0	0	0	2	2	0	0	0	0	2	0	0	1	2	0	0	1	1	0	0	0	0
m1162	0	0	7	0	0	0	6	6	0	0	0	0	6	0	0	0	6	0	0	0	0	0	0	0	0
m1876	0	0	0	2	1	0	7	6	0	0	0	0	7	4	0	0	7	0	0	0	0	0	0	0	1
m1905	0	0	8	3	3	0	11	9	0	0	0	0	11	7	0	3	11	0	0	3	3	0	0	0	3
m2101	0	0	0	0	0	0	13	13	0	0	0	0	13	8	0	0	13	0	0	0	0	0	0	0	0
m2211	0	0	0	0	0	0	5	4	0	0	0	0	5	0	0	2	5	0	0	2	2	0	0	0	0
m2256	0	0	3	0	0	0	3	3	0	0	0	0	3	2	3	0	3	0	0	0	0	0	0	0	0
m2259	0	0	1	0	0	0	1	1	0	0	0	0	1	0	1	0	1	0	0	0	0	0	0	0	0
m2375	0	0	1	0	0	0	1	1	0	0	0	0	1	0	0	1	1	0	0	1	1	0	0	0	0
m2502	0	0	0	0	0	0	2	2	0	0	0	0	2	2	2	0	2	0	0	0	0	0	0	1	0
m2503	0	0	0	0	0	0	7	6	0	0	0	0	7	3	5	0	7	0	0	0	0	0	0	0	0
m2966	0	0	0	0	0	0	2	1	0	0	0	0	2	1	2	1	2	0	0	1	1	0	0	0	0
m3042	0	0	1	0	0	0	1	1	0	0	0	0	1	0	1	0	1	0	0	0	0	0	0	0	0
m3061	0	0	2	0	0	0	3	3	0	0	0	0	3	0	3	0	3	0	0	0	0	0	0	0	0
m2430	0	0	0	0	0	0	6	6	0	0	0	0	6	6	6	0	6	0	0	0	0	0	0	3	0
m994	0	0	4	1	2	0	5	3	0	0	0	0	5	2	2	1	5	0	0	1	1	0	0	0	2
m3515	0	0	9	0	0	0	10	10	0	0	0	0	10	7	0	0	10	0	0	0	0	0	0	0	0
m3383	0	0	1	0	0	0	1	1	0	0	0	0	1	0	1	0	1	0	0	0	0	0	0	1	0
m3392	0	0	4	0	0	0	7	6	0	0	0	0	7	4	6	0	7	0	0	0	0	0	0	0	0
m3311	0	0	10	0	0	0	12	11	0	0	0	0	12	0	0	0	12	0	0	0	0	0	0	0	0
m3234	0	0	5	0	0	0	6	6	0	0	0	0	6	3	5	0	6	0	0	0	0	0	0	0	0
m3386	0	0	0	3	2	0	12	0	0	0	0	0	12	8	9	2	12	0	0	2	2	0	0	0	2
m3625	0	0	5	0	0	0	10	6	0	0	0	0	10	6	8	1	10	0	0	1	1	0	0	0	0
m3202	0	0	0	3	1	0	7	0	0	0	0	0	7	4	5	2	7	0	0	2	2	0	0	0	1
m3754	0	0	3	0	0	0	4	2	0	0	0	0	4	0	0	0	4	0	0	0	0	0	0	0	0
m3461	0	0	6	5	4	0	9	7	0	0	0	0	9	7	8	0	9	0	0	0	0	0	0	0	4
m3185	0	0	0	2	1	0	4	0	0	0	0	0	4	2	2	0	4	0	0	0	0	0	0	0	1
m326	0	0	1	0	0	0	1	1	0	0	0	0	1	1	1	0	1	0	0	0	0	0	0	0	0
m3784	0	0	4	1	0	0	5	3	0	0	0	0	5	2	5	0	5	0	0	0	0	0	0	3	0
m2908	0	0	1	0	0	0	1	1	0	0	0	0	1	0	1	0	1	0	0	0	0	0	0	1	0
m3797	0	0	3	0	0	0	4	2	0	0	0	0	4	0	0	0	4	0	0	0	0	0	0	0	0
m2511	0	0	3	1	0	0	3	3	0	0	0	0	3	1	2	0	3	0	0	0	0	0	0	2	0
m3818	0	0	6	4	3	0	10	9	0	0	0	0	10	7	9	0	10	0	0	0	0	0	0	0	3
m3822	0	0	1	0	0	0	1	1	0	0	0	0	1	1	1	0	1	0	0	0	0	0	0	0	0
m3859	0	0	0	0	0	0	4	0	0	0	0	0	4	2	3	1	4	0	0	1	1	0	0	0	0
m3860	0	0	5	1	1	0	5	5	0	0	0	0	5	4	4	3	5	0	0	3	3	0	0	0	1
m3578	0	0	0	0	0	0	5	5	0	0	0	0	5	0	0	1	5	0	0	1	1	0	0	0	0
m3871	0	0	1	0	0	0	1	1	0	0	0	0	1	0	0	1	1	0	0	1	1	0	0	0	0
m3008	0	0	4	0	0	0	5	4	0	0	0	0	5	3	4	1	5	0	0	1	1	0	0	0	0
m2424	0	0	2	0	0	0	2	2	0	0	0	0	2	1	1	1	2	0	0	1	1	0	0	0	0
m2954	0	0	2	0	0	0	2	2	0	0	0	0	2	0	0	0	2	0	0	0	0	0	0	0	0
m3926	0	0	0	0	0	0	3	3	0	0	0	0	3	2	3	1	3	0	0	1	1	0	0	0	0
m3658	0	0	3	0	1	0	4	0	0	0	0	0	4	2	4	1	4	0	0	1	1	0	0	0	1
m409	0	0	0	0	0	0	5	5	0	0	0	0	5	4	3	0	5	0	0	0	0	0	0	0	0
m3598	0	0	4	0	0	0	4	4	0	0	0	0	4	0	0	1	4	0	0	1	1	0	0	0	0
m3352	0	0	0	0	0	0	4	4	0	0	0	0	4	0	2	0	4	0	0	0	0	0	0	0	0
m3957	0	0	1	0	0	0	1	1	0	0	0	0	1	1	1	0	1	0	0	0	0	0	0	0	0
m3690	0	0	0	0	0	0	3	2	0	0	0	0	3	2	2	1	3	0	0	1	1	0	0	0	0
m11	0	0	2	0	1	0	2	0	0	0	0	0	2	2	2	1	2	0	0	1	1	0	0	0	1
m3974	0	0	7	0	0	0	8	7	0	0	0	0	8	0	0	1	8	0	0	1	1	0	0	0	0
m3861	0	0	1	0	0	0	1	1	0	0	0	0	1	0	1	0	1	0	0	0	0	0	0	1	0
m2948	0	0	2	0	0	0	4	3	0	0	0	0	4	0	0	2	4	0	0	2	2	0	0	0	0
m3773	0	0	4	0	0	0	4	3	0	0	0	0	4	0	0	2	4	0	0	2	2	0	0	0	0
m3927	0	0	5	0	0	0	5	4	0	0	0	0	5	0	4	0	5	0	0	0	0	0	0	2	0
m4007	0	0	2	0	0	0	2	2	0	0	0	0	2	1	2	0	2	0	0	0	0	0	0	2	0
m3911	0	0	2	0	0	0	2	2	0	0	0	0	2	0	2	1	2	0	0	1	1	0	0	1	0
m3766	0	0	1	0	1	0	1	0	0	0	0	0	1	0	1	1	1	0	0	1	1	0	0	0	1
m4019	0	0	1	0	0	0	1	1	0	0	0	0	1	1	1	0	1	0	0	0	0	0	0	0	0
m3661	0	0	0	0	0	0	4	4	0	0	0	0	4	4	4	0	4	0	0	0	0	0	0	4	0
m3395	0	0	0	0	0	0	2	2	0	0	0	0	2	1	1	0	2	0	0	0	0	0	0	0	0
m4028	0	0	2	0	0	0	2	2	0	0	0	0	2	0	2	0	2	0	0	0	0	0	0	2	0
m4032	0	0	1	0	0	0	1	1	0	0	0	0	1	0	1	0	1	0	0	0	0	0	0	0	0
m3849	0	0	5	0	0	0	10	9	0	0	0	0	10	0	0	2	10	0	0	2	2	0	0	0	0
m3663	0	0	6	0	0	0	7	6	0	0	0	0	7	4	5	0	7	0	0	0	0	0	0	0	0
m4081	0	0	2	0	2	0	2	0	0	0	0	0	2	0	2	2	2	0	0	2	2	0	0	0	2
m4095	0	0	2	0	0	0	2	2	0	0	0	0	2	0	2	0	2	0	0	0	0	0	0	0	0
m4093	0	0	0	0	1	0	5	0	0	0	0	0	5	2	4	0	5	0	0	0	0	0	0	0	1
m3693	0	0	0	0	1	0	4	4	0	0	0	0	4	4	4	1	4	0	0	1	1	0	0	0	1
m4101	0	0	1	0	0	0	1	1	0	0	0	0	1	0	0	1	1	0	0	1	1	0	0	0	0
m2127	0	0	1	0	0	0	4	4	0	0	0	0	4	4	4	0	4	0	0	0	0	0	0	1	0
m3221	0	0	5	0	0	0	6	6	0	0	0	0	6	5	5	2	6	0	0	2	2	0	0	0	0
m3225	0	0	0	1	0	0	7	6	0	0	0	0	7	3	0	0	7	0	0	0	0	0	0	0	0
m3256	0	0	0	0	2	0	4	0	0	0	0	0	4	0	3	0	4	0	0	0	0	0	0	0	2
m4170	0	0	1	0	0	0	1	1	0	0	0	0	1	1	1	0	1	0	0	0	0	0	0	0	0
m3271	0	0	1	0	0	0	1	1	0	0	0	0	1	0	0	1	1	0	0	1	1	0	0	0	0
m4183	0	0	0	0	0	0	1	1	0	0	0	0	1	1	1	0	1	0	0	0	0	0	0	1	0
m351	0	0	1	0	0	0	1	1	0	0	0	0	1	0	0	1	1	0	0	1	1	0	0	0	0
m4340	0	0	2	0	0	0	2	2	0	0	0	0	2	2	2	0	2	0	0	0	0	0	0	0	0
m4342	0	0	2	0	0	0	3	3	0	0	0	0	3	2	3	0	3	0	0	0	0	0	0	0	0
m3362	0	0	7	0	0	0	9	9	0	0	0	0	9	7	6	3	9	0	0	3	3	0	0	0	0
m4373	0	0	2	0	0	0	2	2	0	0	0	0	2	0	2	0	2	0	0	0	0	0	0	1	0
m3869	0	0	6	0	0	0	6	6	0	0	0	0	6	0	4	1	6	0	0	1	1	0	0	0	0
m4383	0	0	0	1	1	0	2	2	0	0	0	0	2	1	1	1	2	0	0	1	1	0	0	0	1
m4387	0	0	1	0	0	0	1	1	0	0	0	0	1	0	1	0	1	0	0	0	0	0	0	1	0
m4128	0	0	2	0	0	0	2	0	0	0	0	0	2	0	0	0	2	0	0	0	0	0	0	0	0
m4400	0	0	0	0	0	0	5	5	0	0	0	0	5	3	0	0	5	0	0	0	0	0	0	0	0
m4357	0	0	0	0	0	0	2	2	0	0	0	0	2	1	2	0	2	0	0	0	0	0	0	2	0
m3209	0	0	0	0	0	0	6	0	0	0	0	0	6	2	0	0	6	0	0	0	0	0	0	0	0
m4421	0	0	1	0	0	0	1	1	0	0	0	0	1	0	1	0	1	0	0	0	0	0	0	1	0
m4430	0	0	2	0	0	0	2	2	0	0	0	0	2	0	0	0	2	0	0	0	0	0	0	0	0
m4433	0	0	3	0	0	0	3	3	0	0	0	0	3	2	2	0	3	0	0	0	0	0	0	0	0
m2643	0	0	1	1	1	0	1	1	0	0	0	0	1	1	0	1	1	0	0	1	1	0	0	0	1
m4194	0	0	0	0	0	0	1	1	0	0	0	0	1	1	1	0	1	0	0	0	0	0	0	1	0
m4459	0	0	0	0	0	0	3	3	0	0	0	0	3	2	3	0	3	0	0	0	0	0	0	3	0
m4462	0	0	1	0	0	0	1	1	0	0	0	0	1	0	0	0	1	0	0	0	0	0	0	0	0
m3786	0	0	4	0	0	0	4	4	0	0	0	0	4	0	0	0	4	0	0	0	0	0	0	0	0
m3757	0	0	0	0	0	0	5	4	0	0	0	0	5	0	0	2	5	0	0	2	2	0	0	0	0
m4147	0	0	4	0	0	0	5	3	0	0	0	0	5	2	4	0	5	0	0	0	0	0	0	3	0
m3836	0	0	0	0	0	0	2	2	0	0	0	0	2	0	0	1	2	0	0	1	1	0	0	0	0
m4531	0	0	0	0	0	0	1	1	0	0	0	0	1	1	1	0	1	0	0	0	0	0	0	1	0
m4541	0	0	2	0	0	0	2	2	0	0	0	0	2	0	2	0	2	0	0	0	0	0	0	1	0
m3733	0	0	1	0	0	0	1	1	0	0	0	0	1	0	0	0	1	0	0	0	0	0	0	0	0
m4476	0	0	1	0	0	0	1	1	0	0	0	0	1	0	0	0	1	0	0	0	0	0	0	0	0
m4545	0	0	1	0	0	0	1	1	0	0	0	0	1	0	0	0	1	0	0	0	0	0	0	0	0
m4365	0	0	1	0	0	0	1	1	0	0	0	0	1	0	1	0	1	0	0	0	0	0	0	1	0
m4555	0	0	0	0	0	0	2	2	0	0	0	0	2	2	2	0	2	0	0	0	0	0	0	1	0
m4568	0	0	1	0	0	0	1	1	0	0	0	0	1	0	1	0	1	0	0	0	0	0	0	0	0
m4333	0	0	3	0	0	0	3	3	0	0	0	0	3	2	0	2	3	0	0	2	2	0	0	0	0
m331	0	0	1	0	0	0	1	1	0	0	0	0	1	1	1	0	1	0	0	0	0	0	0	0	0
m4597	0	0	0	0	0	0	1	1	0	0	0	0	1	1	1	0	1	0	0	0	0	0	0	1	0
m3795	0	0	0	0	1	0	9	0	0	0	0	0	9	5	6	2	9	0	0	2	2	0	0	0	1
m4483	0	0	0	0	0	0	1	1	0	0	0	0	1	0	1	1	1	0	0	1	1	0	0	0	0
m4642	0	0	1	0	0	0	1	1	0	0	0	0	1	0	1	0	1	0	0	0	0	0	0	1	0
m4431	0	0	3	0	0	0	3	3	0	0	0	0	3	0	2	0	3	0	0	0	0	0	0	0	0
m3481	0	0	0	0	0	0	1	1	0	0	0	0	1	1	0	0	1	0	0	0	0	0	0	0	0
m3768	0	0	2	0	0	0	2	2	0	0	0	0	2	0	0	0	2	0	0	0	0	0	0	0	0
m4647	0	0	1	0	0	0	1	1	0	0	0	0	1	0	0	0	1	0	0	0	0	0	0	0	0
m4666	0	0	2	0	0	0	2	2	0	0	0	0	2	2	2	0	2	0	0	0	0	0	0	0	0
m3756	0	0	1	0	0	0	1	1	0	0	0	0	1	1	1	0	1	0	0	0	0	0	0	0	0
m4692	0	0	3	0	0	0	3	3	0	0	0	0	3	3	2	0	3	0	0	0	0	0	0	0	0
m4702	0	0	0	1	0	0	1	1	0	0	0	0	1	1	1	0	1	0	0	0	0	0	0	1	0
m4618	0	0	0	0	1	0	2	1	0	0	0	0	2	2	2	0	2	0	0	0	0	0	0	1	1
m3235	0	0	0	0	0	0	2	1	0	0	0	0	2	1	2	1	2	0	0	1	1	0	0	0	0
m4514	0	0	2	0	1	0	2	0	0	0	0	0	2	1	2	1	2	0	0	1	1	0	0	0	1
m3892	0	0	0	0	0	0	2	2	0	0	0	0	2	2	2	1	2	0	0	1	1	0	0	0	0
m4627	0	0	0	0	0	0	1	1	0	0	0	0	1	1	1	0	1	0	0	0	0	0	0	1	0
m3746	0	0	0	0	0	0	3	3	0	0	0	0	3	3	3	0	3	0	0	0	0	0	0	2	0
m3465	0	0	1	0	0	0	2	2	0	0	0	0	2	2	2	1	2	0	0	1	1	0	0	0	0
m2636	0	0	1	0	0	0	1	1	0	0	0	0	1	0	1	0	1	0	0	0	0	0	0	1	0
m4803	0	0	1	0	0	0	1	1	0	0	0	0	1	0	1	0	1	0	0	0	0	0	0	0	0
m3792	0	0	0	0	1	0	1	1	0	0	0	0	1	1	1	0	1	0	0	0	0	0	0	1	1
m4700	0	0	1	0	0	0	1	1	0	0	0	0	1	0	1	0	1	0	0	0	0	0	0	0	0
m4830	0	0	2	0	0	0	2	2	0	0	0	0	2	0	1	1	2	0	0	1	1	0	0	0	0
m4091	0	0	1	0	0	0	1	1	0	0	0	0	1	0	0	0	1	0	0	0	0	0	0	0	0
m4843	0	0	0	0	0	0	1	1	0	0	0	0	1	1	1	0	1	0	0	0	0	0	0	1	0
m3204	0	0	2	0	0	0	3	2	0	0	0	0	3	2	0	1	3	0	0	1	1	0	0	0	0
m4857	0	0	0	0	0	0	1	0	0	0	0	0	1	0	1	0	1	0	0	0	0	0	0	0	0
m4863	0	0	1	0	0	0	1	1	0	0	0	0	1	1	1	0	1	0	0	0	0	0	0	1	0
m4518	0	0	2	0	0	0	2	2	0	0	0	0	2	1	1	0	2	0	0	0	0	0	0	0	0
m4878	0	0	1	0	0	0	1	1	0	0	0	0	1	0	0	0	1	0	0	0	0	0	0	0	0
m4884	0	0	0	0	0	0	1	1	0	0	0	0	1	1	1	1	1	0	0	1	1	0	0	0	0
m3837	0	0	1	0	0	0	1	1	0	0	0	0	1	1	1	0	1	0	0	0	0	0	0	1	0
m3654	0	0	0	0	0	0	2	2	0	0	0	0	2	1	0	0	2	0	0	0	0	0	0	0	0
m4892	0	0	1	0	0	0	1	1	0	0	0	0	1	0	1	0	1	0	0	0	0	0	0	1	0
m3834	0	0	0	0	0	0	1	1	0	0	0	0	1	1	0	0	1	0	0	0	0	0	0	0	0
m4651	0	0	1	0	0	0	1	1	0	0	0	0	1	0	0	0	1	0	0	0	0	0	0	0	0
m4905	0	0	1	0	1	0	1	0	0	0	0	0	1	0	0	0	1	0	0	0	0	0	0	0	1
m4714	0	0	1	0	0	0	1	1	0	0	0	0	1	0	0	0	1	0	0	0	0	0	0	0	0
m2451	0	0	3	0	0	0	2	2	0	0	0	0	2	1	2	0	2	0	0	0	0	0	0	1	0
m3964	0	0	0	0	0	0	1	1	0	0	0	0	1	0	0	1	1	0	0	1	1	0	0	0	0
m4925	0	0	1	0	0	0	1	1	0	0	0	0	1	0	0	1	1	0	0	1	1	0	0	0	0
m2741	0	0	0	0	1	0	2	0	0	0	0	0	2	0	2	0	2	0	0	0	0	0	0	0	1
m4934	0	0	1	0	0	0	1	1	0	0	0	0	1	0	1	0	1	0	0	0	0	0	0	0	0
m3799	0	0	0	0	1	0	1	0	0	0	0	0	1	0	1	0	1	0	0	0	0	0	0	0	1
m4936	0	0	1	0	0	0	1	1	0	0	0	0	1	0	1	0	1	0	0	0	0	0	0	1	0
m4833	0	0	1	1	1	0	1	0	0	0	0	0	1	1	1	0	1	0	0	0	0	0	0	0	1
m4937	0	0	1	0	0	0	1	1	0	0	0	0	1	0	1	0	1	0	0	0	0	0	0	1	0
m4009	0	0	2	0	0	0	2	1	0	0	0	0	2	0	0	0	2	0	0	0	0	0	0	0	0
m3981	0	0	1	0	0	0	1	1	0	0	0	0	1	0	0	1	1	0	0	1	1	0	0	0	0
m4371	0	0	2	0	0	0	2	2	0	0	0	0	2	0	0	0	2	0	0	0	0	0	0	0	0
m4988	0	0	0	0	0	0	1	1	0	0	0	0	1	1	0	0	1	0	0	0	0	0	0	0	0
m5003	0	0	1	0	0	0	1	1	0	0	0	0	1	0	0	0	1	0	0	0	0	0	0	0	0
m4413	0	0	0	0	0	0	4	4	0	0	0	0	4	4	5	0	4	0	0	0	0	0	0	3	0
m4442	0	0	4	0	0	0	4	4	0	0	0	0	4	0	0	0	4	0	0	0	0	0	0	0	0
m4874	0	0	4	0	0	0	4	0	0	0	0	0	4	2	0	0	4	0	0	0	0	0	0	0	0
m5012	0	0	0	0	0	0	1	1	0	0	0	0	1	1	1	0	1	0	0	0	0	0	0	0	0
m5022	0	0	1	1	0	0	1	1	0	0	0	0	1	1	1	0	1	0	0	0	0	0	0	1	0
m4140	0	0	1	0	0	0	1	1	0	0	0	0	1	0	0	0	1	0	0	0	0	0	0	0	0
m3986	0	0	0	0	0	0	1	1	0	0	0	0	1	1	1	0	1	0	0	0	0	0	0	1	0
m5039	0	0	1	0	0	0	1	1	0	0	0	0	1	1	0	0	1	0	0	0	0	0	0	0	0
m5040	0	0	0	0	0	0	1	1	0	0	0	0	1	1	0	1	1	0	0	1	1	0	0	0	0
m4370	0	0	0	0	0	0	1	1	0	0	0	0	1	1	0	1	1	0	0	1	1	0	0	0	0
m5088	0	0	1	0	0	0	1	1	0	0	0	0	1	0	1	0	1	0	0	0	0	0	0	1	0
m3877	0	0	1	0	0	0	1	1	0	0	0	0	1	0	1	0	1	0	0	0	0	0	0	1	0
m4184	0	0	1	0	1	0	1	0	0	0	0	0	1	0	1	1	1	0	0	1	1	0	0	0	1
m5093	0	0	1	0	0	0	1	1	0	0	0	0	1	0	1	0	1	0	0	0	0	0	0	1	0
m4904	0	0	1	0	0	0	1	1	0	0	0	0	1	0	0	0	1	0	0	0	0	0	0	0	0
m4072	0	0	1	0	0	0	1	1	0	0	0	0	1	0	0	0	1	0	0	0	0	0	0	0	0
m3950	0	0	0	0	0	0	1	1	0	0	0	0	1	1	1	1	1	0	0	1	1	0	0	0	0
m2644	0	0	1	0	0	0	1	1	0	0	0	0	1	0	1	0	1	0	0	0	0	0	0	1	0
m4439	0	0	1	0	0	0	1	1	0	0	0	0	1	0	0	0	1	0	0	0	0	0	0	0	0
m4376	0	0	2	0	1	0	3	2	0	0	0	0	3	0	0	1	3	0	0	1	1	0	0	0	1
m5126	0	0	1	0	0	0	1	1	0	0	0	0	1	1	1	0	1	0	0	0	0	0	0	0	0
m5136	0	0	2	0	0	0	2	1	0	0	0	0	2	2	2	0	2	0	0	0	0	0	0	0	0
m4401	0	0	0	1	0	0	1	1	0	0	0	0	1	1	1	0	1	0	0	0	0	0	0	1	0
m5158	0	0	1	0	0	0	1	1	0	0	0	0	1	1	1	1	1	0	0	1	1	0	0	0	0
m4116	0	0	3	1	0	0	3	3	0	0	0	0	3	1	2	0	3	0	0	0	0	0	0	2	0
m5170	0	0	1	0	0	0	1	1	0	0	0	0	1	1	0	0	1	0	0	0	0	0	0	0	0
m3759	0	0	1	0	0	0	1	1	0	0	0	0	1	0	0	1	1	0	0	1	1	0	0	0	0
m4402	0	0	2	0	0	0	2	2	0	0	0	0	2	1	0	1	2	0	0	1	1	0	0	0	0
m5190	0	0	0	0	0	0	1	1	0	0	0	0	1	1	0	1	1	0	0	1	1	0	0	0	0
m5197	0	0	0	0	0	0	1	1	0	0	0	0	1	1	1	0	1	0	0	0	0	0	0	1	0
m5203	0	0	0	0	0	0	1	1	0	0	0	0	1	1	0	1	1	0	0	1	1	0	0	0	0
m5116	0	0	0	0	0	0	1	1	0	0	0	0	1	1	1	0	1	0	0	0	0	0	0	1	0
m5023	0	0	1	0	0	0	1	1	0	0	0	0	1	0	1	0	1	0	0	0	0	0	0	1	0
m3870	0	0	1	0	0	0	1	1	0	0	0	0	1	0	1	0	1	0	0	0	0	0	0	0	0
m5223	0	0	0	0	0	0	1	1	0	0	0	0	1	1	1	0	1	0	0	0	0	0	0	0	0
m352	0	0	1	0	0	0	1	1	0	0	0	0	1	0	1	0	1	0	0	0	0	0	0	1	0
m4853	0	0	1	0	0	0	1	1	0	0	0	0	1	0	0	0	1	0	0	0	0	0	0	0	0
m779	0	0	1	0	0	0	1	1	0	0	0	0	1	1	1	0	1	0	0	0	0	0	0	0	0
m5028	0	0	1	0	0	0	1	1	0	0	0	0	1	0	0	0	1	0	0	0	0	0	0	0	0
m5242	0	0	1	0	0	0	1	1	0	0	0	0	1	0	0	0	1	0	0	0	0	0	0	0	0
m5243	0	0	1	0	0	0	1	1	0	0	0	0	1	1	1	0	1	0	0	0	0	0	0	0	0
m5244	0	0	0	0	0	0	1	1	0	0	0	0	1	1	1	1	1	0	0	1	1	0	0	0	0
m5256	0	0	0	0	1	0	1	0	0	0	0	0	1	0	1	0	1	0	0	0	0	0	0	0	1
m2729	0	0	1	0	1	0	1	0	0	0	0	0	1	0	1	1	1	0	0	1	1	0	0	0	1
m4034	0	0	1	0	0	0	1	1	0	0	0	0	1	1	1	0	1	0	0	0	0	0	0	0	0
m5308	0	0	1	0	0	0	1	1	0	0	0	0	1	0	1	0	1	0	0	0	0	0	0	1	0
m5317	0	0	1	0	0	0	1	1	0	0	0	0	1	0	0	0	1	0	0	0	0	0	0	0	0
m1	0	0	0	0	0	0	0	2	0	0	0	0	0	0	0	0	0	0	0	0	0	0	0	0	0
m31	0	0	0	0	0	0	0	1	0	0	0	0	0	0	0	0	0	0	0	0	0	0	0	0	0
m154	0	0	0	0	0	0	0	0	0	0	0	0	0	0	0	0	0	0	0	0	0	0	0	1	0
m132	0	0	0	0	0	0	0	0	0	0	0	0	0	0	0	0	0	0	0	0	0	0	0	1	0
m1685	0	0	0	0	0	0	0	0	0	0	0	0	0	0	4	0	0	0	0	0	0	0	0	1	4
m3556	0	0	0	0	0	0	0	0	0	0	0	0	0	0	1	0	0	0	0	0	0	0	0	1	1
m5281	0	0	0	0	0	0	0	0	0	0	0	0	0	0	1	0	0	0	0	0	0	0	0	1	1
m686	0	0	0	0	0	0	0	0	0	0	0	0	0	4	2	0	0	0	0	0	0	0	0	0	2
m1525	0	0	3	0	0	0	0	0	0	0	0	0	0	0	3	2	0	0	0	2	2	0	0	0	1
m1526	0	0	4	0	0	0	0	0	0	0	0	0	0	0	3	3	0	0	0	3	3	0	0	0	3
m1600	0	0	2	0	0	0	0	0	0	0	0	0	0	0	2	2	0	0	0	2	2	0	0	0	2
m1804	0	0	2	0	0	0	0	0	0	0	0	0	0	0	2	2	0	0	0	2	2	0	0	0	1
m1955	0	0	2	0	0	0	0	0	0	0	0	0	0	0	2	2	0	0	0	2	2	0	0	0	2
m2485	0	0	1	0	0	0	0	0	0	0	0	0	0	0	1	1	0	0	0	1	1	0	0	0	1
m2499	0	0	1	0	0	0	0	0	0	0	0	0	0	1	1	1	0	0	0	1	1	0	0	0	1
m3238	0	0	1	0	0	0	0	0	0	0	0	0	0	0	1	1	0	0	0	1	1	0	0	0	1
m112	0	0	0	0	0	0	0	0	0	0	0	0	0	0	1	0	0	0	0	0	0	0	0	0	1
m3442	0	0	1	0	0	0	0	0	0	0	0	0	0	0	2	1	0	0	0	1	1	0	0	0	1
m3496	0	0	1	0	0	0	0	0	0	0	0	0	0	0	1	1	0	0	0	1	1	0	0	0	0
m3510	0	0	0	0	0	0	0	0	0	0	0	0	0	0	1	0	0	0	0	0	0	0	0	0	1
m106	0	0	0	1	0	0	0	0	0	0	0	0	0	2	0	0	0	0	0	0	0	0	0	0	0
m89	0	0	0	4	0	0	0	0	0	0	0	0	0	3	0	0	0	0	0	0	0	0	0	0	0
m109	0	0	0	12	0	0	0	0	0	0	0	0	0	8	0	0	0	0	0	0	0	0	0	0	0
m231	0	0	0	5	0	0	0	0	0	0	0	0	0	0	0	0	0	0	0	0	0	0	0	0	0
m217	0	0	0	1	0	0	0	0	0	0	0	0	0	0	0	0	0	0	0	0	0	0	0	0	0
m230	0	0	0	7	0	0	0	0	0	0	0	0	0	0	0	0	0	0	0	0	0	0	0	0	0
m234	0	0	0	1	0	0	0	0	0	0	0	0	0	0	0	0	0	0	0	0	0	0	0	0	0
m220	0	0	0	2	0	0	0	0	0	0	0	0	0	0	0	0	0	0	0	0	0	0	0	0	0
m225	0	0	0	1	0	0	0	0	0	0	0	0	0	0	0	0	0	0	0	0	0	0	0	0	0
m221	0	0	0	1	0	0	0	0	0	0	0	0	0	0	0	0	0	0	0	0	0	0	0	0	0
m222	0	0	0	1	0	0	0	0	0	0	0	0	0	0	0	0	0	0	0	0	0	0	0	0	0
m233	0	0	0	0	1	0	0	0	0	0	0	0	0	0	0	0	0	0	0	0	0	0	0	0	0
m2394	0	0	0	0	3	0	0	0	0	0	0	0	0	3	0	2	0	0	0	2	2	0	0	0	3
m129	0	0	0	0	0	0	0	0	0	0	0	0	0	1	0	0	0	0	0	0	0	0	0	0	0
m104	0	0	0	0	0	0	0	0	0	0	0	0	0	2	0	0	0	0	0	0	0	0	0	0	0
m3050	0	0	0	0	0	0	0	0	0	0	0	0	0	4	0	1	0	0	0	1	1	0	0	0	1
m4517	0	0	0	0	0	0	0	0	0	0	0	0	0	1	0	0	0	0	0	0	0	0	0	0	1
m5046	0	0	1	0	0	0	0	0	0	0	0	0	0	1	0	2	0	0	0	2	2	0	0	0	1
m2374	0	0	2	0	0	0	0	0	0	0	0	0	0	0	0	2	0	0	0	2	2	0	0	0	1
m2385	0	0	0	0	0	0	0	0	0	0	0	0	0	0	0	0	0	0	0	0	0	0	0	0	1
m2433	0	0	2	0	0	0	0	0	0	0	0	0	0	0	0	2	0	0	0	2	2	0	0	0	2
m3138	0	0	1	0	0	0	0	0	0	0	0	0	0	0	0	1	0	0	0	1	1	0	0	0	1
m776	0	0	1	0	0	0	0	0	0	0	0	0	0	0	0	1	0	0	0	1	1	0	0	0	1
m345	0	0	3	0	0	0	0	0	0	0	0	0	0	0	0	0	0	0	0	0	0	0	0	0	1
m3397	0	0	1	0	0	0	0	0	0	0	0	0	0	0	0	0	0	0	0	0	0	0	0	0	1
m3599	0	0	2	0	0	0	0	0	0	0	0	0	0	0	0	0	0	0	0	0	0	0	0	0	1
m4356	0	0	1	0	0	0	0	0	0	0	0	0	0	0	0	0	0	0	0	0	0	0	0	0	1
m4672	0	0	1	0	0	0	0	0	0	0	0	0	0	0	0	1	0	0	0	1	1	0	0	0	1
m243	0	0	0	0	0	0	0	0	0	0	0	0	0	0	0	1	0	0	0	1	1	0	0	0	0
m247	0	0	0	0	0	0	0	0	0	0	0	0	0	0	0	4	0	0	0	4	4	0	0	0	0
m245	0	0	0	0	0	0	0	0	0	0	0	0	0	0	0	2	0	0	0	2	2	0	0	0	0
m246	0	0	0	0	0	0	0	0	0	0	0	0	0	0	0	2	0	0	0	2	2	0	0	0	0
m257	0	0	0	0	0	0	0	0	0	0	0	0	0	0	0	1	0	0	0	1	1	0	0	0	0
m248	2	2	2	0	0	0	0	0	0	0	0	0	0	0	0	0	0	2	1	0	0	0	0	0	0
m256	2	2	2	0	0	0	0	0	0	0	0	0	0	0	0	0	0	2	1	0	0	0	0	0	0
m266	6	6	6	0	0	0	0	0	0	0	0	0	0	0	0	0	0	5	0	0	0	0	0	0	0
m262	1	1	1	0	0	0	0	0	0	0	0	0	0	0	0	0	0	1	0	0	0	0	0	0	0
m263	1	1	1	0	0	0	0	0	0	0	0	0	0	0	0	0	0	1	0	0	0	0	0	0	0
m264	1	1	1	0	0	0	0	0	0	0	0	0	0	0	0	0	0	1	0	0	0	0	0	0	0
m265	1	2	2	0	0	0	0	0	0	0	0	0	0	0	0	0	0	0	0	0	0	0	0	0	0
m278	0	1	2	0	0	0	0	0	0	0	0	0	0	0	0	0	0	0	0	0	0	0	0	0	0
m304	0	0	1	0	0	0	0	0	0	0	0	0	0	0	0	0	0	0	0	0	0	0	0	0	0
m276	0	0	2	0	0	0	0	0	0	0	0	0	0	0	0	0	0	0	0	0	0	0	0	0	0
m267	0	0	3	0	0	0	0	0	0	0	0	0	0	0	0	0	0	0	0	0	0	0	0	0	0
m277	0	0	12	0	0	0	0	0	0	0	0	0	0	0	0	0	0	0	0	0	0	0	0	0	0
m299	0	0	3	0	0	0	0	0	0	0	0	0	0	0	0	0	0	0	0	0	0	0	0	0	0
m279	0	0	1	0	0	0	0	0	0	0	0	0	0	0	0	0	0	0	0	0	0	0	0	0	0
m287	0	0	2	0	0	0	0	0	0	0	0	0	0	0	0	0	0	0	0	0	0	0	0	0	0
m294	0	0	2	0	0	0	0	0	0	0	0	0	0	0	0	0	0	0	0	0	0	0	0	0	0
m268	0	0	3	0	0	0	0	0	0	0	0	0	0	0	0	0	0	0	0	0	0	0	0	0	0
m300	0	0	5	0	0	0	0	0	0	0	0	0	0	0	0	0	0	0	0	0	0	0	0	0	0
m269	0	0	9	0	0	0	0	0	0	0	0	0	0	0	0	0	0	0	0	0	0	0	0	0	0
m305	0	0	1	0	0	0	0	0	0	0	0	0	0	0	0	0	0	0	0	0	0	0	0	0	0
m303	0	0	2	0	0	0	0	0	0	0	0	0	0	0	0	0	0	0	0	0	0	0	0	0	0
m863	0	0	1	0	0	0	0	0	0	0	0	0	0	0	0	0	0	0	0	0	0	0	0	0	0
m3002	0	0	1	0	0	0	0	0	0	0	0	0	0	0	0	0	0	0	0	0	0	0	0	0	0
