Element	autophagosome assembly	autophagosome maturation	autophagosome-lysosome fusion	fabry disease	farber disease	gaucher disease	gm1 gangliosidosis	krabbe disease	metachromatic leukodystrophy	negative regulation of autophagy	niemann-pick disease type a/b	phagophore	phagophore assembly site	positive regulation of cell growth	positive regulation of glycolytic process	sandhoff disease	tay-sachs disease	type 1 gd	type 2 gd	type 3 gd
m3	0	0	0	4	4	4	4	4	4	0	4	0	0	0	0	4	4	0	0	0
m5	0	0	0	2	2	2	2	2	2	0	2	0	0	0	0	2	2	0	0	0
m22	0	0	0	0	0	0	0	0	0	0	0	0	0	0	0	0	0	0	0	0
m2	0	0	0	2	2	2	2	2	2	0	2	0	0	0	0	2	2	0	0	0
m1	0	0	0	0	0	0	0	0	0	0	0	0	0	0	0	0	0	0	0	0
m13	0	0	0	0	0	0	0	0	0	0	0	0	0	0	0	0	0	0	0	0
m11	0	0	0	0	0	0	0	0	0	0	0	0	0	0	0	0	0	0	0	0
m8	0	0	0	6	6	6	6	6	6	0	6	0	0	0	0	6	6	0	0	0
m17	0	0	0	1	1	1	1	1	1	0	1	0	0	0	0	1	1	1	1	1
m33	0	0	0	0	0	0	0	0	0	0	0	0	0	0	0	0	0	0	0	0
m12	0	0	0	1	1	1	1	1	1	0	1	0	0	0	0	1	1	0	0	0
m34	0	0	0	0	0	0	0	0	0	0	0	0	0	0	0	0	0	0	0	0
m14	0	0	0	1	1	1	1	1	1	0	1	0	0	0	0	1	1	0	0	0
m35	0	0	0	0	0	0	0	0	0	0	0	0	0	0	0	0	0	0	0	0
m15	0	0	0	2	2	2	2	2	2	0	2	0	0	0	0	2	2	0	0	0
m36	0	0	0	0	0	0	0	0	0	0	0	0	0	0	0	0	0	0	0	0
m16	0	0	0	1	1	1	1	1	1	0	1	0	0	0	0	1	1	0	0	0
m6	0	0	0	0	0	0	0	0	0	0	0	0	0	0	0	0	0	0	0	0
m7	0	0	0	1	1	1	1	1	1	0	1	0	0	0	0	1	1	0	0	0
m37	0	0	0	0	0	0	0	0	0	0	0	0	0	0	0	0	0	0	0	0
m18	0	0	0	1	1	1	1	1	1	0	1	0	0	0	0	1	1	0	0	0
m20	0	0	0	2	2	2	2	2	2	0	2	0	0	0	0	2	2	0	0	0
m38	0	0	0	0	0	0	0	0	0	0	0	0	0	0	0	0	0	0	0	0
m19	0	0	0	1	1	1	1	1	1	0	1	0	0	0	0	1	1	0	0	0
m21	0	0	0	0	0	0	0	0	0	0	0	0	0	0	0	0	0	0	0	0
m24	0	0	0	0	0	0	0	0	0	0	0	0	0	0	0	0	0	0	0	0
m39	0	0	0	0	0	0	0	0	0	0	0	0	0	0	0	0	0	0	0	0
m23	0	0	0	1	1	1	1	1	1	0	1	0	0	0	0	1	1	0	0	0
m25	0	0	0	2	2	2	2	2	2	0	2	0	0	0	0	2	2	0	0	0
m28	0	0	0	1	1	1	1	1	1	0	1	0	0	0	0	1	1	0	0	0
m40	0	0	0	0	0	0	0	0	0	0	0	0	0	0	0	0	0	0	0	0
m26	0	0	0	1	1	1	1	1	1	0	1	0	0	0	0	1	1	0	0	0
m27	0	0	0	2	2	2	2	2	2	0	2	0	0	0	0	2	2	0	0	0
m9	0	0	0	0	0	0	0	0	0	0	0	0	0	0	0	0	0	0	0	0
m29	0	0	0	0	0	0	0	0	0	0	0	0	0	0	0	0	0	0	0	0
m41	0	0	0	0	0	0	0	0	0	0	0	0	0	0	0	0	0	0	0	0
m30	0	0	0	2	2	2	2	2	2	0	2	0	0	0	0	2	2	0	0	0
m32	0	0	0	1	1	1	1	1	1	0	1	0	0	0	0	1	1	0	0	0
m42	0	0	0	0	0	0	0	0	0	0	0	0	0	0	0	0	0	0	0	0
m31	0	0	0	1	1	1	1	1	1	0	1	0	0	0	0	1	1	0	0	0
m617	0	0	0	0	0	0	0	0	0	0	0	0	0	0	0	0	0	0	0	0
m191	0	0	0	0	0	0	0	0	0	0	0	0	0	0	0	0	0	0	0	0
m4635	0	0	0	0	0	0	0	0	0	0	0	0	0	0	0	0	0	0	0	0
m294	0	0	0	0	0	0	0	0	0	0	0	0	0	0	0	0	0	0	0	0
m51	0	0	0	0	0	0	0	0	0	0	0	0	0	0	0	0	0	0	0	0
m57	0	0	0	0	0	0	0	0	0	0	0	0	0	0	0	0	0	0	0	0
m46	0	0	0	0	0	0	0	0	0	0	0	0	0	0	0	0	0	0	0	0
m50	0	0	0	0	0	0	0	0	0	0	0	0	0	0	0	0	0	0	0	0
m47	0	0	0	0	0	0	0	0	0	0	0	0	0	0	0	0	0	0	0	0
m55	0	0	0	0	0	0	0	0	0	0	0	0	0	0	0	0	0	0	0	0
m56	1	1	1	0	0	0	0	0	0	1	0	1	1	1	1	0	0	0	0	0
m67	0	0	0	0	0	0	0	0	0	0	0	0	0	0	0	0	0	0	0	0
m43	0	0	0	0	0	0	0	0	0	0	0	0	0	0	0	0	0	0	0	0
m44	0	0	0	0	0	0	0	0	0	0	0	0	0	0	0	0	0	0	0	0
m45	0	0	0	0	0	0	0	0	0	0	0	0	0	0	0	0	0	0	0	0
m59	1	1	1	0	0	0	0	0	0	1	0	1	1	1	1	0	0	0	0	0
m60	1	1	1	0	0	0	0	0	0	1	0	1	1	1	1	0	0	0	0	0
m61	1	1	1	0	0	0	0	0	0	1	0	1	1	1	1	0	0	0	0	0
m58	0	0	0	0	0	0	0	0	0	0	0	0	0	0	0	0	0	0	0	0
m66	1	1	1	0	0	0	0	0	0	1	0	1	1	1	1	0	0	0	0	0
m68	0	0	0	0	0	0	0	0	0	0	0	0	0	0	0	0	0	0	0	0
m69	2	2	2	0	0	0	0	0	0	2	0	2	2	2	2	0	0	0	0	0
m76	5	5	5	0	0	0	0	0	0	5	0	5	5	5	5	0	0	0	0	0
m72	0	0	0	0	0	0	0	0	0	0	0	0	0	0	0	0	0	0	0	0
m73	0	0	0	0	0	0	0	0	0	0	0	0	0	0	0	0	0	0	0	0
m74	0	0	0	0	0	0	0	0	0	0	0	0	0	0	0	0	0	0	0	0
m75	1	1	1	0	0	0	0	0	0	1	0	1	0	1	1	0	0	0	0	0
m79	9	9	9	0	0	0	0	0	0	9	0	9	9	9	9	0	0	0	0	0
m84	2	2	2	0	0	0	0	0	0	2	0	2	2	2	2	0	0	0	0	0
m85	0	0	0	0	0	0	0	0	0	0	0	0	0	0	0	0	0	0	0	0
m116	0	0	0	0	0	0	0	0	0	0	0	0	0	0	0	0	0	0	0	0
m86	1	1	1	0	0	0	0	0	0	1	0	1	1	1	1	0	0	0	0	0
m77	2	2	2	0	0	0	0	0	0	2	0	2	2	2	2	0	0	0	0	0
m87	13	13	13	0	0	0	0	0	0	13	0	13	13	13	13	0	0	0	0	0
m78	2	2	2	0	0	0	0	0	0	2	0	2	2	2	2	0	0	0	0	0
m91	1	1	1	0	0	0	0	0	0	1	0	1	1	1	1	0	0	0	0	0
m92	0	0	0	0	0	0	0	0	0	0	0	0	0	0	0	0	0	0	0	0
m89	1	1	1	0	0	0	0	0	0	1	0	0	1	1	1	0	0	0	0	0
m90	0	1	1	0	0	0	0	0	0	1	0	1	1	1	1	0	0	0	0	0
m88	0	0	0	0	0	0	0	0	0	0	0	0	0	0	0	0	0	0	0	0
m93	1	1	1	0	0	0	0	0	0	1	0	1	1	1	1	0	0	0	0	0
m94	1	1	1	0	0	0	0	0	0	1	0	1	1	1	1	0	0	0	0	0
m99	2	1	2	0	0	0	0	0	0	2	0	2	2	2	2	0	0	0	0	0
m113	0	0	0	0	0	0	0	0	0	0	0	0	0	0	0	0	0	0	0	0
m112	1	1	1	0	0	0	0	0	0	1	0	1	1	1	1	0	0	0	0	0
m104	0	0	0	0	0	0	0	0	0	0	0	0	0	0	0	0	0	0	0	0
m111	4	4	4	0	0	0	0	0	0	4	0	4	4	4	4	0	0	0	0	0
m115	0	0	0	0	0	0	0	0	0	0	0	0	0	0	0	0	0	0	0	0
m103	0	0	0	0	0	0	0	0	0	0	0	0	0	0	0	0	0	0	0	0
m254	0	0	0	0	0	0	0	0	0	0	0	0	0	0	0	0	0	0	0	0
m3716	0	0	0	0	0	0	0	0	0	0	0	0	0	0	0	0	0	0	0	0
m3715	0	0	0	0	0	0	0	0	0	0	0	0	0	0	0	0	0	0	0	0
m4642	0	0	0	0	0	0	0	0	0	0	0	0	0	0	0	0	0	0	0	0
m3598	0	0	0	0	0	0	0	0	0	0	0	0	0	0	0	0	0	0	0	0
m3518	0	0	0	0	0	0	0	0	0	0	0	0	0	0	0	0	0	0	0	0
m3678	0	0	0	0	0	0	0	0	0	0	0	0	0	0	0	0	0	0	0	0
m4885	0	0	0	0	0	0	0	0	0	0	0	0	0	0	0	0	0	0	0	0
m4900	0	0	0	0	0	0	0	0	0	0	0	0	0	0	0	0	0	0	0	0
m4548	0	0	0	0	0	0	0	0	0	0	0	0	0	0	0	0	0	0	0	0
m4819	0	0	0	0	0	0	0	0	0	0	0	0	0	0	0	0	0	0	0	0
m268	0	0	0	0	0	0	0	0	0	0	0	0	0	0	0	0	0	0	0	0
m476	0	0	0	0	0	0	0	0	0	0	0	0	0	0	0	0	0	0	0	0
m4620	0	0	0	0	0	0	0	0	0	0	0	0	0	0	0	0	0	0	0	0
m4731	0	0	0	0	0	0	0	0	0	0	0	0	0	0	0	0	0	0	0	0
m4541	0	0	0	0	0	0	0	0	0	0	0	0	0	0	0	0	0	0	0	0
m4664	0	0	0	0	0	0	0	0	0	0	0	0	0	0	0	0	0	0	0	0
m6126	0	0	0	0	0	0	0	0	0	0	0	0	0	0	0	0	0	0	0	0
m460	0	0	0	0	0	0	0	0	0	0	0	0	0	0	0	0	0	0	0	0
m3453	0	0	0	0	0	0	0	0	0	0	0	0	0	0	0	0	0	0	0	0
m3487	0	0	0	0	0	0	0	0	0	0	0	0	0	0	0	0	0	0	0	0
m3609	0	0	0	0	0	0	0	0	0	0	0	0	0	0	0	0	0	0	0	0
m4570	0	0	0	0	0	0	0	0	0	0	0	0	0	0	0	0	0	0	0	0
m4588	0	0	0	0	0	0	0	0	0	0	0	0	0	0	0	0	0	0	0	0
m3296	0	0	0	0	0	0	0	0	0	0	0	0	0	0	0	0	0	0	0	0
m645	0	0	0	0	0	0	0	0	0	0	0	0	0	0	0	0	0	0	0	0
m292	0	0	0	0	0	0	0	0	0	0	0	0	0	0	0	0	0	0	0	0
m288	0	0	0	0	0	0	0	0	0	0	0	0	0	0	0	0	0	0	0	0
m588	0	0	0	0	0	0	0	0	0	0	0	0	0	0	0	0	0	0	0	0
m587	0	0	0	0	0	0	0	0	0	0	0	0	0	0	0	0	0	0	0	0
m4599	0	0	0	0	0	0	0	0	0	0	0	0	0	0	0	0	0	0	0	0
m3399	0	0	0	0	0	0	0	0	0	0	0	0	0	0	0	0	0	0	0	0
m82	13	13	13	0	0	0	0	0	0	13	0	13	13	13	13	0	0	0	0	0
m242	0	0	0	0	0	0	0	0	0	0	0	0	0	0	0	0	0	0	0	0
m65	19	19	19	0	0	0	0	0	0	19	0	19	19	19	19	0	0	0	0	0
m226	0	0	0	0	0	0	0	0	0	0	0	0	0	0	0	0	0	0	0	0
m48	4	4	4	0	0	0	0	0	0	4	0	4	4	4	4	0	0	0	0	0
m258	0	0	0	0	0	0	0	0	0	0	0	0	0	0	0	0	0	0	0	0
m98	6	6	6	0	0	0	0	0	0	6	0	6	6	6	6	0	0	0	0	0
m183	0	0	0	0	0	0	0	0	0	0	0	0	0	0	0	0	0	0	0	0
m829	0	0	0	0	0	0	0	0	0	0	0	0	0	0	0	0	0	0	0	0
m95	2	2	2	0	0	0	0	0	0	2	0	2	2	2	2	0	0	0	0	0
m200	0	0	0	0	0	0	0	0	0	0	0	0	0	0	0	0	0	0	0	0
m3411	0	0	0	0	0	0	0	0	0	0	0	0	0	0	0	0	0	0	0	0
m3442	0	0	0	0	0	0	0	0	0	0	0	0	0	0	0	0	0	0	0	0
m54	28	28	28	0	0	0	0	0	0	28	0	28	28	28	28	0	0	0	0	0
m3849	0	0	0	0	0	0	0	0	0	0	0	0	0	0	0	0	0	0	0	0
m3305	0	0	0	0	0	0	0	0	0	0	0	0	0	0	0	0	0	0	0	0
m3318	0	0	0	0	0	0	0	0	0	0	0	0	0	0	0	0	0	0	0	0
m83	7	7	7	0	0	0	0	0	0	7	0	7	7	7	7	0	0	0	0	0
m4171	0	0	0	0	0	0	0	0	0	0	0	0	0	0	0	0	0	0	0	0
m64	3	3	3	0	0	0	0	0	0	3	0	3	3	3	3	0	0	0	0	0
m4198	0	0	0	0	0	0	0	0	0	0	0	0	0	0	0	0	0	0	0	0
m4297	0	0	0	0	0	0	0	0	0	0	0	0	0	0	0	0	0	0	0	0
m3451	0	0	0	0	0	0	0	0	0	0	0	0	0	0	0	0	0	0	0	0
m4453	0	0	0	0	0	0	0	0	0	0	0	0	0	0	0	0	0	0	0	0
m101	1	1	1	0	0	0	0	0	0	1	0	1	1	1	1	0	0	0	0	0
m49	0	0	0	0	0	0	0	0	0	0	0	0	0	0	0	0	0	0	0	0
m3347	0	0	0	0	0	0	0	0	0	0	0	0	0	0	0	0	0	0	0	0
m4793	0	0	0	0	0	0	0	0	0	0	0	0	0	0	0	0	0	0	0	0
m4543	0	0	0	0	0	0	0	0	0	0	0	0	0	0	0	0	0	0	0	0
m4811	0	0	0	0	0	0	0	0	0	0	0	0	0	0	0	0	0	0	0	0
m4791	0	0	0	0	0	0	0	0	0	0	0	0	0	0	0	0	0	0	0	0
m4565	0	0	0	0	0	0	0	0	0	0	0	0	0	0	0	0	0	0	0	0
m4812	0	0	0	0	0	0	0	0	0	0	0	0	0	0	0	0	0	0	0	0
m4843	0	0	0	0	0	0	0	0	0	0	0	0	0	0	0	0	0	0	0	0
m4645	0	0	0	0	0	0	0	0	0	0	0	0	0	0	0	0	0	0	0	0
m108	1	1	1	0	0	0	0	0	0	1	0	1	1	1	1	0	0	0	0	0
m5156	0	0	0	0	0	0	0	0	0	0	0	0	0	0	0	0	0	0	0	0
m4798	0	0	0	0	0	0	0	0	0	0	0	0	0	0	0	0	0	0	0	0
m4617	0	0	0	0	0	0	0	0	0	0	0	0	0	0	0	0	0	0	0	0
m5538	0	0	0	0	0	0	0	0	0	0	0	0	0	0	0	0	0	0	0	0
m4611	0	0	0	0	0	0	0	0	0	0	0	0	0	0	0	0	0	0	0	0
m4624	0	0	0	0	0	0	0	0	0	0	0	0	0	0	0	0	0	0	0	0
m4640	0	0	0	0	0	0	0	0	0	0	0	0	0	0	0	0	0	0	0	0
m81	3	3	3	0	0	0	0	0	0	3	0	3	3	3	3	0	0	0	0	0
m4547	0	0	0	0	0	0	0	0	0	0	0	0	0	0	0	0	0	0	0	0
m4643	0	0	0	0	0	0	0	0	0	0	0	0	0	0	0	0	0	0	0	0
m4667	0	0	0	0	0	0	0	0	0	0	0	0	0	0	0	0	0	0	0	0
m4607	0	0	0	0	0	0	0	0	0	0	0	0	0	0	0	0	0	0	0	0
m4648	0	0	0	0	0	0	0	0	0	0	0	0	0	0	0	0	0	0	0	0
m4908	0	0	0	0	0	0	0	0	0	0	0	0	0	0	0	0	0	0	0	0
m5129	0	0	0	0	0	0	0	0	0	0	0	0	0	0	0	0	0	0	0	0
m4741	0	0	0	0	0	0	0	0	0	0	0	0	0	0	0	0	0	0	0	0
m4875	0	0	0	0	0	0	0	0	0	0	0	0	0	0	0	0	0	0	0	0
m5029	0	0	0	0	0	0	0	0	0	0	0	0	0	0	0	0	0	0	0	0
m4683	0	0	0	0	0	0	0	0	0	0	0	0	0	0	0	0	0	0	0	0
m6123	0	0	0	0	0	0	0	0	0	0	0	0	0	0	0	0	0	0	0	0
m4584	0	0	0	0	0	0	0	0	0	0	0	0	0	0	0	0	0	0	0	0
m6203	0	0	0	0	0	0	0	0	0	0	0	0	0	0	0	0	0	0	0	0
m4726	0	0	0	0	0	0	0	0	0	0	0	0	0	0	0	0	0	0	0	0
m4653	0	0	0	0	0	0	0	0	0	0	0	0	0	0	0	0	0	0	0	0
m4879	0	0	0	0	0	0	0	0	0	0	0	0	0	0	0	0	0	0	0	0
m4631	0	0	0	0	0	0	0	0	0	0	0	0	0	0	0	0	0	0	0	0
m4601	0	0	0	0	0	0	0	0	0	0	0	0	0	0	0	0	0	0	0	0
m4794	0	0	0	0	0	0	0	0	0	0	0	0	0	0	0	0	0	0	0	0
m5068	0	0	0	0	0	0	0	0	0	0	0	0	0	0	0	0	0	0	0	0
m6096	0	0	0	0	0	0	0	0	0	0	0	0	0	0	0	0	0	0	0	0
m5356	0	0	0	0	0	0	0	0	0	0	0	0	0	0	0	0	0	0	0	0
m4687	0	0	0	0	0	0	0	0	0	0	0	0	0	0	0	0	0	0	0	0
m5117	0	0	0	0	0	0	0	0	0	0	0	0	0	0	0	0	0	0	0	0
m4623	0	0	0	0	0	0	0	0	0	0	0	0	0	0	0	0	0	0	0	0
m6463	0	0	0	0	0	0	0	0	0	0	0	0	0	0	0	0	0	0	0	0
m4770	0	0	0	0	0	0	0	0	0	0	0	0	0	0	0	0	0	0	0	0
m6415	0	0	0	0	0	0	0	0	0	0	0	0	0	0	0	0	0	0	0	0
m5351	0	0	0	0	0	0	0	0	0	0	0	0	0	0	0	0	0	0	0	0
m158	0	0	0	0	0	0	0	0	0	0	0	0	0	0	0	0	0	1	1	1
m160	0	0	0	0	0	0	0	0	0	0	0	0	0	0	0	0	0	1	1	1
m159	0	0	0	0	0	0	0	0	0	0	0	0	0	0	0	0	0	1	1	1
m177	0	0	0	0	0	0	0	0	0	0	0	0	0	0	0	0	0	1	0	1
m182	0	0	0	0	0	0	0	0	0	0	0	0	0	0	0	0	0	1	1	0
m169	0	0	0	0	0	0	0	0	0	0	0	0	0	0	0	0	0	0	1	1
